local REALGAME = {}


mas = owner.Character
Model0 = Instance.new("Model")
Part1 = Instance.new("Part")
SpecialMesh2 = Instance.new("SpecialMesh")
Part3 = Instance.new("Part")
SpecialMesh4 = Instance.new("SpecialMesh")
Part5 = Instance.new("Part")
Weld6 = Instance.new("Weld")
Weld7 = Instance.new("Weld")
Weld8 = Instance.new("Weld")
Weld9 = Instance.new("Weld")
Weld10 = Instance.new("Weld")
Weld11 = Instance.new("Weld")
Weld12 = Instance.new("Weld")
Weld13 = Instance.new("Weld")
Weld14 = Instance.new("Weld")
Weld15 = Instance.new("Weld")
Weld16 = Instance.new("Weld")
Weld17 = Instance.new("Weld")
Weld18 = Instance.new("Weld")
Weld19 = Instance.new("Weld")
Weld20 = Instance.new("Weld")
Weld21 = Instance.new("Weld")
Weld22 = Instance.new("Weld")
Weld23 = Instance.new("Weld")
Weld24 = Instance.new("Weld")
Weld25 = Instance.new("Weld")
Weld26 = Instance.new("Weld")
Weld27 = Instance.new("Weld")
Weld28 = Instance.new("Weld")
Weld29 = Instance.new("Weld")
Weld30 = Instance.new("Weld")
Weld31 = Instance.new("Weld")
Weld32 = Instance.new("Weld")
Weld33 = Instance.new("Weld")
Weld34 = Instance.new("Weld")
Weld35 = Instance.new("Weld")
Weld36 = Instance.new("Weld")
Weld37 = Instance.new("Weld")
Weld38 = Instance.new("Weld")
Weld39 = Instance.new("Weld")
Weld40 = Instance.new("Weld")
Weld41 = Instance.new("Weld")
Weld42 = Instance.new("Weld")
Weld43 = Instance.new("Weld")
Weld44 = Instance.new("Weld")
Weld45 = Instance.new("Weld")
Weld46 = Instance.new("Weld")
Weld47 = Instance.new("Weld")
Weld48 = Instance.new("Weld")
Weld49 = Instance.new("Weld")
Weld50 = Instance.new("Weld")
Weld51 = Instance.new("Weld")
Weld52 = Instance.new("Weld")
Weld53 = Instance.new("Weld")
Weld54 = Instance.new("Weld")
Weld55 = Instance.new("Weld")
Weld56 = Instance.new("Weld")
Weld57 = Instance.new("Weld")
Weld58 = Instance.new("Weld")
Weld59 = Instance.new("Weld")
Weld60 = Instance.new("Weld")
Weld61 = Instance.new("Weld")
Weld62 = Instance.new("Weld")
Weld63 = Instance.new("Weld")
Weld64 = Instance.new("Weld")
Weld65 = Instance.new("Weld")
Weld66 = Instance.new("Weld")
Weld67 = Instance.new("Weld")
Weld68 = Instance.new("Weld")
Weld69 = Instance.new("Weld")
Weld70 = Instance.new("Weld")
Weld71 = Instance.new("Weld")
Weld72 = Instance.new("Weld")
Weld73 = Instance.new("Weld")
Weld74 = Instance.new("Weld")
Weld75 = Instance.new("Weld")
Weld76 = Instance.new("Weld")
Weld77 = Instance.new("Weld")
Weld78 = Instance.new("Weld")
Weld79 = Instance.new("Weld")
Weld80 = Instance.new("Weld")
Weld81 = Instance.new("Weld")
Weld82 = Instance.new("Weld")
Weld83 = Instance.new("Weld")
Weld84 = Instance.new("Weld")
Weld85 = Instance.new("Weld")
Weld86 = Instance.new("Weld")
Weld87 = Instance.new("Weld")
Weld88 = Instance.new("Weld")
Weld89 = Instance.new("Weld")
Weld90 = Instance.new("Weld")
Weld91 = Instance.new("Weld")
Weld92 = Instance.new("Weld")
Weld93 = Instance.new("Weld")
Weld94 = Instance.new("Weld")
Weld95 = Instance.new("Weld")
Weld96 = Instance.new("Weld")
Weld97 = Instance.new("Weld")
Weld98 = Instance.new("Weld")
Weld99 = Instance.new("Weld")
Weld100 = Instance.new("Weld")
Weld101 = Instance.new("Weld")
Part102 = Instance.new("Part")
SpecialMesh103 = Instance.new("SpecialMesh")
Part104 = Instance.new("Part")
SpecialMesh105 = Instance.new("SpecialMesh")
Part106 = Instance.new("Part")
SpecialMesh107 = Instance.new("SpecialMesh")
Part108 = Instance.new("Part")
SpecialMesh109 = Instance.new("SpecialMesh")
Part110 = Instance.new("Part")
SpecialMesh111 = Instance.new("SpecialMesh")
Part112 = Instance.new("Part")
SpecialMesh113 = Instance.new("SpecialMesh")
Part114 = Instance.new("Part")
SpecialMesh115 = Instance.new("SpecialMesh")
Part116 = Instance.new("Part")
SpecialMesh117 = Instance.new("SpecialMesh")
Part118 = Instance.new("Part")
SpecialMesh119 = Instance.new("SpecialMesh")
Part120 = Instance.new("Part")
Part121 = Instance.new("Part")
Part122 = Instance.new("Part")
Part123 = Instance.new("Part")
Part124 = Instance.new("Part")
Part125 = Instance.new("Part")
Part126 = Instance.new("Part")
Part127 = Instance.new("Part")
Part128 = Instance.new("Part")
Part129 = Instance.new("Part")
Part130 = Instance.new("Part")
Part131 = Instance.new("Part")
Part132 = Instance.new("Part")
Part133 = Instance.new("Part")
Part134 = Instance.new("Part")
Part135 = Instance.new("Part")
Part136 = Instance.new("Part")
Part137 = Instance.new("Part")
Part138 = Instance.new("Part")
Part139 = Instance.new("Part")
Part140 = Instance.new("Part")
Part141 = Instance.new("Part")
Part142 = Instance.new("Part")
Part143 = Instance.new("Part")
Part144 = Instance.new("Part")
Part145 = Instance.new("Part")
Part146 = Instance.new("Part")
Part147 = Instance.new("Part")
Part148 = Instance.new("Part")
Part149 = Instance.new("Part")
Part150 = Instance.new("Part")
Part151 = Instance.new("Part")
Part152 = Instance.new("Part")
Part153 = Instance.new("Part")
Part154 = Instance.new("Part")
Part155 = Instance.new("Part")
SpecialMesh156 = Instance.new("SpecialMesh")
Part157 = Instance.new("Part")
SpecialMesh158 = Instance.new("SpecialMesh")
Part159 = Instance.new("Part")
Part160 = Instance.new("Part")
SpecialMesh161 = Instance.new("SpecialMesh")
Part162 = Instance.new("Part")
SpecialMesh163 = Instance.new("SpecialMesh")
Part164 = Instance.new("Part")
SpecialMesh165 = Instance.new("SpecialMesh")
Part166 = Instance.new("Part")
SpecialMesh167 = Instance.new("SpecialMesh")
Part168 = Instance.new("Part")
SpecialMesh169 = Instance.new("SpecialMesh")
Part170 = Instance.new("Part")
SpecialMesh171 = Instance.new("SpecialMesh")
Part172 = Instance.new("Part")
SpecialMesh173 = Instance.new("SpecialMesh")
Part174 = Instance.new("Part")
SpecialMesh175 = Instance.new("SpecialMesh")
Part176 = Instance.new("Part")
SpecialMesh177 = Instance.new("SpecialMesh")
Part178 = Instance.new("Part")
SpecialMesh179 = Instance.new("SpecialMesh")
Part180 = Instance.new("Part")
SpecialMesh181 = Instance.new("SpecialMesh")
Part182 = Instance.new("Part")
SpecialMesh183 = Instance.new("SpecialMesh")
Part184 = Instance.new("Part")
SpecialMesh185 = Instance.new("SpecialMesh")
Part186 = Instance.new("Part")
SpecialMesh187 = Instance.new("SpecialMesh")
Part188 = Instance.new("Part")
SpecialMesh189 = Instance.new("SpecialMesh")
Part190 = Instance.new("Part")
SpecialMesh191 = Instance.new("SpecialMesh")
Part192 = Instance.new("Part")
SpecialMesh193 = Instance.new("SpecialMesh")
Part194 = Instance.new("Part")
SpecialMesh195 = Instance.new("SpecialMesh")
Part196 = Instance.new("Part")
SpecialMesh197 = Instance.new("SpecialMesh")
Part198 = Instance.new("Part")
SpecialMesh199 = Instance.new("SpecialMesh")
Part200 = Instance.new("Part")
SpecialMesh201 = Instance.new("SpecialMesh")
Part202 = Instance.new("Part")
SpecialMesh203 = Instance.new("SpecialMesh")
Part204 = Instance.new("Part")
SpecialMesh205 = Instance.new("SpecialMesh")
Part206 = Instance.new("Part")
SpecialMesh207 = Instance.new("SpecialMesh")
Part208 = Instance.new("Part")
SpecialMesh209 = Instance.new("SpecialMesh")
Part210 = Instance.new("Part")
SpecialMesh211 = Instance.new("SpecialMesh")
Part212 = Instance.new("Part")
SpecialMesh213 = Instance.new("SpecialMesh")
Part214 = Instance.new("Part")
SpecialMesh215 = Instance.new("SpecialMesh")
Part216 = Instance.new("Part")
SpecialMesh217 = Instance.new("SpecialMesh")
Part218 = Instance.new("Part")
SpecialMesh219 = Instance.new("SpecialMesh")
Part220 = Instance.new("Part")
SpecialMesh221 = Instance.new("SpecialMesh")
Part222 = Instance.new("Part")
SpecialMesh223 = Instance.new("SpecialMesh")
Part224 = Instance.new("Part")
SpecialMesh225 = Instance.new("SpecialMesh")
Part226 = Instance.new("Part")
SpecialMesh227 = Instance.new("SpecialMesh")
Part228 = Instance.new("Part")
SpecialMesh229 = Instance.new("SpecialMesh")
Part230 = Instance.new("Part")
SpecialMesh231 = Instance.new("SpecialMesh")
Part232 = Instance.new("Part")
SpecialMesh233 = Instance.new("SpecialMesh")
Part234 = Instance.new("Part")
SpecialMesh235 = Instance.new("SpecialMesh")
Part236 = Instance.new("Part")
SpecialMesh237 = Instance.new("SpecialMesh")
Part238 = Instance.new("Part")
SpecialMesh239 = Instance.new("SpecialMesh")
Part240 = Instance.new("Part")
SpecialMesh241 = Instance.new("SpecialMesh")
Part242 = Instance.new("Part")
SpecialMesh243 = Instance.new("SpecialMesh")
Part244 = Instance.new("Part")
SpecialMesh245 = Instance.new("SpecialMesh")
Part246 = Instance.new("Part")
SpecialMesh247 = Instance.new("SpecialMesh")
Part248 = Instance.new("Part")
SpecialMesh249 = Instance.new("SpecialMesh")
Part250 = Instance.new("Part")
SpecialMesh251 = Instance.new("SpecialMesh")
Part252 = Instance.new("Part")
SpecialMesh253 = Instance.new("SpecialMesh")
Model0.Name = "WM"
Model0.Parent = mas
Part1.Name = "Wing"
Part1.Parent = Model0
Part1.CFrame = CFrame.new(6.22071838, 15.788723, -1.64922953, 3.17820678e-07, 0.642805994, -0.766020656, -2.11892619e-08, 0.766019166, 0.642804682, 0.999997973, -1.88067631e-07, 2.57080643e-07)
Part1.Orientation = Vector3.new(-40, -90, 0)
Part1.Position = Vector3.new(6.2207183837891, 15.788722991943, -1.6492295265198)
Part1.Rotation = Vector3.new(-90, -50, -90)
Part1.Color = Color3.new(0.431373, 0.6, 0.792157)
Part1.Size = Vector3.new(0.10000000149012, 0.10000000149012, 0.10000000149012)
Part1.BottomSurface = Enum.SurfaceType.Smooth
Part1.BrickColor = BrickColor.new("Medium blue")
Part1.CanCollide = false
Part1.Locked = true
Part1.Material = Enum.Material.Neon
Part1.TopSurface = Enum.SurfaceType.Smooth
Part1.brickColor = BrickColor.new("Medium blue")
SpecialMesh2.Parent = Part1
SpecialMesh2.Scale = Vector3.new(0.5, 5, 5)
SpecialMesh2.MeshType = Enum.MeshType.Wedge
Part3.Parent = Model0
Part3.CFrame = CFrame.new(5.19157648, 14.3678856, -1.64922166, 3.17822696e-07, -0.642806053, 0.766020596, -2.11893969e-08, -0.766019106, -0.642804742, 0.999997973, 1.88068825e-07, -2.57082235e-07)
Part3.Orientation = Vector3.new(40, 90, -180)
Part3.Position = Vector3.new(5.1915764808655, 14.3678855896, -1.6492216587067)
Part3.Rotation = Vector3.new(90, 50, 90)
Part3.Color = Color3.new(0.431373, 0.6, 0.792157)
Part3.Size = Vector3.new(0.10000000149012, 0.10000000149012, 0.10000000149012)
Part3.BottomSurface = Enum.SurfaceType.Smooth
Part3.BrickColor = BrickColor.new("Medium blue")
Part3.CanCollide = false
Part3.Locked = true
Part3.Material = Enum.Material.Neon
Part3.TopSurface = Enum.SurfaceType.Smooth
Part3.brickColor = BrickColor.new("Medium blue")
SpecialMesh4.Parent = Part3
SpecialMesh4.Scale = Vector3.new(0.5, 17.5, 2.5)
SpecialMesh4.MeshType = Enum.MeshType.Wedge
Part5.Name = "WP"
Part5.Parent = Model0
Part5.CFrame = CFrame.new(7.97451115, 16.3207073, -3.79919171, 0.999993503, -1.43051147e-06, -5.43298739e-12, 1.49011612e-06, 0.999991536, -2.98036014e-08, 5.47673712e-12, 2.98037932e-08, 0.999997973)
Part5.Position = Vector3.new(7.9745111465454, 16.320707321167, -3.7991917133331)
Part5.Color = Color3.new(0.431373, 0.6, 0.792157)
Part5.Transparency = 1
Part5.Size = Vector3.new(0.050000000745058, 0.050000000745058, 0.050000000745058)
Part5.BottomSurface = Enum.SurfaceType.Smooth
Part5.BrickColor = BrickColor.new("Medium blue")
Part5.CanCollide = false
Part5.Locked = true
Part5.Material = Enum.Material.Neon
Part5.TopSurface = Enum.SurfaceType.Smooth
Part5.brickColor = BrickColor.new("Medium blue")
Weld6.Name = "Wing"
Weld6.Parent = Part5
Weld6.C0 = CFrame.new(-1.75380468, -0.531986237, 2.14996648, 3.17828182e-07, 0.642811239, -0.766024709, 8.61393978e-09, 0.766024709, 0.642811239, 1, -2.10902016e-07, 2.37927097e-07)
Weld6.Part0 = Part5
Weld6.Part1 = Part1
Weld6.part1 = Part1
Weld7.Name = "Part"
Weld7.Parent = Part5
Weld7.C0 = CFrame.new(-2.78295565, -1.95283413, 2.14997435, 3.17830199e-07, -0.642811298, 0.766024649, 8.61380478e-09, -0.766024649, -0.642811298, 1, 2.1090321e-07, -2.37928703e-07)
Weld7.Part0 = Part5
Weld7.Part1 = Part3
Weld7.part1 = Part3
Weld8.Name = "Wing"
Weld8.Parent = Part5
Weld8.C0 = CFrame.new(-2.39646435, 3.397995, 2.14995766, -7.59880621e-08, -0.766064286, 0.642764091, -2.79595014e-07, -0.642764032, -0.766064286, 1, -2.37925363e-07, -1.65345369e-07)
Weld8.Part0 = Part5
Weld8.Part1 = Part102
Weld8.part1 = Part102
Weld9.Name = "Wing"
Weld9.Parent = Part5
Weld9.C0 = CFrame.new(-1.27160549, 2.05733299, 2.14994144, -7.59867405e-08, 0.642768741, 0.766060352, -2.79587084e-07, -0.766060233, 0.6427688, 1, -1.65338648e-07, 2.37920275e-07)
Weld9.Part0 = Part5
Weld9.Part1 = Part104
Weld9.part1 = Part104
Weld10.Name = "Wing"
Weld10.Parent = Part5
Weld10.C0 = CFrame.new(-1.37061405, 2.95314217, 2.14992332, -7.59854331e-08, 0.642771959, 0.766057611, -2.79579126e-07, -0.76605767, 0.642771959, 1, -1.65332438e-07, 2.37914833e-07)
Weld10.Part0 = Part5
Weld10.Part1 = Part106
Weld10.part1 = Part106
Weld11.Name = "Wing"
Weld11.Parent = Part5
Weld11.C0 = CFrame.new(-1.59290743, 2.4401722, 2.14990711, 7.59841399e-08, -0.642774999, 0.766055107, 2.79571196e-07, 0.766054988, 0.642775059, -1, 1.65326199e-07, 2.37909418e-07)
Weld11.Part0 = Part5
Weld11.Part1 = Part108
Weld11.part1 = Part108
Weld12.Name = "Wing"
Weld12.Parent = Part5
Weld12.C0 = CFrame.new(-1.20985174, 2.76145554, 2.14988899, -7.59828396e-08, -0.642778218, -0.766052365, -2.79563267e-07, 0.766052425, -0.642778158, 1, 1.65320017e-07, -2.3790399e-07)
Weld12.Part0 = Part5
Weld12.Part1 = Part110
Weld12.part1 = Part110
Weld13.Name = "Wing"
Weld13.Parent = Part5
Weld13.C0 = CFrame.new(-0.888444901, 2.37836075, 2.14987278, 7.59815038e-08, 0.642781258, -0.766049862, 2.79555337e-07, -0.766049802, -0.642781317, -1, -1.65313821e-07, -2.37898561e-07)
Weld13.Part0 = Part5
Weld13.Part1 = Part112
Weld13.part1 = Part112
Weld14.Name = "Wing"
Weld14.Parent = Part5
Weld14.C0 = CFrame.new(-2.01324749, 3.71880531, 2.14985466, -7.59801821e-08, -0.642784357, -0.766047239, -2.79547351e-07, 0.766047299, -0.642784297, 1, 1.65307611e-07, -2.37893047e-07)
Weld14.Part0 = Part5
Weld14.Part1 = Part114
Weld14.part1 = Part114
Weld15.Name = "Wing"
Weld15.Parent = Part5
Weld15.C0 = CFrame.new(-2.78252363, 4.05215073, 2.14983702, -7.59788819e-08, -0.766051173, 0.642779589, -2.79539449e-07, -0.642779589, -0.766051173, 1, -2.37885956e-07, -1.65303845e-07)
Weld15.Part0 = Part5
Weld15.Part1 = Part116
Weld15.part1 = Part116
Weld16.Name = "Wing"
Weld16.Parent = Part5
Weld16.C0 = CFrame.new(-1.75338078, 2.63114738, 2.14982128, 7.59775531e-08, 0.642784476, -0.76604718, 2.79531491e-07, -0.76604718, -0.642784476, -1, -1.65297124e-07, -2.37880883e-07)
Weld16.Part0 = Part5
Weld16.Part1 = Part118
Weld16.part1 = Part118
Weld17.Name = "Ring"
Weld17.Parent = Part5
Weld17.C0 = CFrame.new(0.819794178, 1.53653526, 2.14979672, 0.866030335, -0.499991655, 5.51174904e-12, 0.499991655, 0.866030335, 2.98038501e-08, -1.49064512e-08, -2.58082835e-08, 1)
Weld17.Part0 = Part5
Weld17.Part1 = Part120
Weld17.part1 = Part120
Weld18.Name = "Ring"
Weld18.Parent = Part5
Weld18.C0 = CFrame.new(-0.86892271, 0.561548233, 2.14977956, 0.866032064, -0.499988616, 5.51037297e-12, 0.499988616, 0.866032064, 2.98038572e-08, -1.49063606e-08, -2.58083404e-08, 1)
Weld18.Part0 = Part5
Weld18.Part1 = Part121
Weld18.part1 = Part121
Weld19.Name = "Ring"
Weld19.Parent = Part5
Weld19.C0 = CFrame.new(0.602154732, 1.79584312, 2.14976263, 0.642800987, -0.766033292, 5.50726652e-12, 0.766033351, 0.642800987, 2.98038607e-08, -2.28342891e-08, -1.9153731e-08, 1)
Weld19.Part0 = Part5
Weld19.Part1 = Part122
Weld19.part1 = Part122
Weld20.Name = "Ring"
Weld20.Parent = Part5
Weld20.C0 = CFrame.new(-0.651276588, 0.302074432, 2.14974523, 0.642803907, -0.766030848, 5.50727476e-12, 0.766030788, 0.642803907, 2.98038607e-08, -2.28342145e-08, -1.91538199e-08, 1)
Weld20.Part0 = Part5
Weld20.Part1 = Part123
Weld20.part1 = Part123
Weld21.Name = "Ring"
Weld21.Parent = Part5
Weld21.C0 = CFrame.new(0.46295166, 1.8932476, 2.1497283, 0.500021279, -0.86601311, 5.50575991e-12, 0.866013169, 0.500021279, 2.98038572e-08, -2.5813284e-08, -1.48977941e-08, 1)
Weld21.Part0 = Part5
Weld21.Part1 = Part124
Weld21.part1 = Part124
Weld22.Name = "Ring"
Weld22.Parent = Part5
Weld22.C0 = CFrame.new(-0.512066364, 0.204521179, 2.14971089, 0.500024319, -0.866011381, 5.50537003e-12, 0.866011381, 0.500024378, 2.98038536e-08, -2.58132289e-08, -1.48978856e-08, 1)
Weld22.Part0 = Part5
Weld22.Part1 = Part125
Weld22.part1 = Part125
Weld23.Name = "Ring"
Weld23.Parent = Part5
Weld23.C0 = CFrame.new(0.722336769, 1.67551994, 2.14969373, 0.766065121, -0.642763019, 5.50165122e-12, 0.642763019, 0.76606518, 2.98038501e-08, -1.91610283e-08, -2.28281554e-08, 1)
Weld23.Part0 = Part5
Weld23.Part1 = Part126
Weld23.part1 = Part126
Weld24.Name = "Ring"
Weld24.Parent = Part5
Weld24.C0 = CFrame.new(-0.771465302, 0.42212677, 2.14968562, 0.766066432, -0.642761469, 5.4993037e-12, 0.642761469, 0.766066432, 2.98038465e-08, -1.91609786e-08, -2.28281927e-08, 1)
Weld24.Part0 = Part5
Weld24.Part1 = Part127
Weld24.part1 = Part127
Weld25.Name = "Ring"
Weld25.Parent = Part5
Weld25.C0 = CFrame.new(-0.999509811, 1.04881096, 2.1496594, 1, 3.42729363e-05, 5.49803215e-12, -3.42729363e-05, 1, 2.98038501e-08, -4.47656669e-12, -2.98038501e-08, 1)
Weld25.Part0 = Part5
Weld25.Part1 = Part128
Weld25.part1 = Part128
Weld26.Name = "Ring"
Weld26.Parent = Part5
Weld26.C0 = CFrame.new(0.602153301, 0.301843643, 2.14964223, 0.642765164, 0.766063333, 5.49755901e-12, -0.766063333, 0.642765164, 2.98038465e-08, 2.28281003e-08, -1.91610869e-08, 1)
Weld26.Part0 = Part5
Weld26.Part1 = Part129
Weld26.part1 = Part129
Weld27.Name = "Ring"
Weld27.Parent = Part5
Weld27.C0 = CFrame.new(-0.651209354, 1.79560089, 2.1496253, 0.642768204, 0.76606071, 5.49307041e-12, -0.76606071, 0.642768264, 2.98038465e-08, 2.28280257e-08, -1.91611758e-08, 1)
Weld27.Part0 = Part5
Weld27.Part1 = Part130
Weld27.part1 = Part130
Weld28.Name = "Ring"
Weld28.Parent = Part5
Weld28.C0 = CFrame.new(-0.511976719, 1.89301682, 2.14960814, 0.499981195, 0.866036296, 5.49295201e-12, -0.866036355, 0.499981165, 2.98038465e-08, 2.580847e-08, -1.4906119e-08, 1)
Weld28.Part0 = Part5
Weld28.Part1 = Part131
Weld28.part1 = Part131
Weld29.Name = "Ring"
Weld29.Parent = Part5
Weld29.C0 = CFrame.new(0.462964535, 0.204240799, 2.14959073, 0.499984264, 0.866034508, 5.49094754e-12, -0.866034567, 0.499984235, 2.98038536e-08, 2.58084203e-08, -1.49062114e-08, 1)
Weld29.Part0 = Part5
Weld29.Part1 = Part132
Weld29.part1 = Part132
Weld30.Name = "Ring"
Weld30.Parent = Part5
Weld30.C0 = CFrame.new(0.308925629, 0.132417679, 2.14957356, 0.342005342, 0.93969804, 5.48938412e-12, -0.93969804, 0.342005342, 2.98038536e-08, 2.8004747e-08, -1.0198236e-08, 1)
Weld30.Part0 = Part5
Weld30.Part1 = Part133
Weld30.part1 = Part133
Weld31.Name = "Ring"
Weld31.Parent = Part5
Weld31.C0 = CFrame.new(-0.357967854, 1.9647541, 2.14955664, 0.342007816, 0.939697206, 5.48962872e-12, -0.939697087, 0.342007875, 2.98038536e-08, 2.80047168e-08, -1.01983115e-08, 1)
Weld31.Part0 = Part5
Weld31.Part1 = Part134
Weld31.part1 = Part134
Weld32.Name = "Ring"
Weld32.Parent = Part5
Weld32.C0 = CFrame.new(0.144775391, 0.0883674622, 2.14953923, 0.173636317, 0.984809875, 5.4911852e-12, -0.984809875, 0.173636332, 2.98038536e-08, 2.93501756e-08, -5.18043919e-09, 1)
Weld32.Part0 = Part5
Weld32.Part1 = Part135
Weld32.part1 = Part135
Weld33.Name = "Ring"
Weld33.Parent = Part5
Weld33.C0 = CFrame.new(-0.193808079, 2.00866699, 2.1495223, 0.173637703, 0.984809637, 5.49089723e-12, -0.984809637, 0.173637703, 2.98038572e-08, 2.93501721e-08, -5.18048049e-09, 1)
Weld33.Part0 = Part5
Weld33.Part1 = Part136
Weld33.part1 = Part136
Weld34.Name = "Ring"
Weld34.Parent = Part5
Weld34.C0 = CFrame.new(-0.02450037, 2.02340698, 2.14950514, -1.09524426e-05, 1, 5.48953678e-12, -1, -1.09524435e-05, 2.98038607e-08, 2.98038607e-08, -5.16311169e-12, 1)
Weld34.Part0 = Part5
Weld34.Part1 = Part137
Weld34.part1 = Part137
Weld35.Name = "Ring"
Weld35.Parent = Part5
Weld35.C0 = CFrame.new(0.891662121, 1.38181686, 2.14948773, 0.939697504, -0.342006803, 5.48830122e-12, 0.342006832, 0.939697444, 2.98038572e-08, -1.01982804e-08, -2.8004731e-08, 1)
Weld35.Part0 = Part5
Weld35.Part1 = Part138
Weld35.part1 = Part138
Weld36.Name = "Ring"
Weld36.Parent = Part5
Weld36.C0 = CFrame.new(-0.984690189, 0.879041672, 2.14947057, 0.984810472, -0.173633054, 5.48839663e-12, 0.173633054, 0.984810472, 2.98038607e-08, -5.18034016e-09, -2.93502005e-08, 1)
Weld36.Part0 = Part5
Weld36.Part1 = Part139
Weld36.part1 = Part139
Weld37.Name = "Ring"
Weld37.Parent = Part5
Weld37.C0 = CFrame.new(0.935648918, 1.21758652, 2.1494534, 0.98481071, -0.173631594, 5.48834329e-12, 0.173631608, 0.98481071, 2.98038643e-08, -5.18029797e-09, -2.93502129e-08, 1)
Weld37.Part0 = Part5
Weld37.Part1 = Part140
Weld37.part1 = Part140
Weld38.Name = "Ring"
Weld38.Parent = Part5
Weld38.C0 = CFrame.new(0.308942318, 1.9644165, 2.14943647, -0.342038721, 0.939685881, 5.48635529e-12, -0.939685822, -0.342038751, 2.98038643e-08, 2.80081469e-08, 1.01889208e-08, 1)
Weld38.Part0 = Part5
Weld38.Part1 = Part141
Weld38.part1 = Part141
Weld39.Name = "Ring"
Weld39.Parent = Part5
Weld39.C0 = CFrame.new(-0.35801506, 0.132034302, 2.14941907, -0.342041135, 0.939685047, 5.48516094e-12, -0.939684987, -0.342041135, 2.98038643e-08, 2.8008122e-08, 1.01889936e-08, 1)
Weld39.Part0 = Part5
Weld39.Part1 = Part142
Weld39.part1 = Part142
Weld40.Name = "Ring"
Weld40.Parent = Part5
Weld40.C0 = CFrame.new(0.144792557, 2.00833702, 2.14940214, -0.173671216, 0.984803736, 5.48306929e-12, -0.984803736, -0.173671231, 2.98038678e-08, 2.93519111e-08, 5.17067456e-09, 1)
Weld40.Part0 = Part5
Weld40.Part1 = Part143
Weld40.part1 = Part143
Weld41.Name = "Ring"
Weld41.Parent = Part5
Weld41.C0 = CFrame.new(-0.193856716, 0.087978363, 2.14938474, -0.173672572, 0.984803557, 5.48218242e-12, -0.984803498, -0.173672587, 2.98038678e-08, 2.9351904e-08, 5.17071586e-09, 1)
Weld41.Part0 = Part5
Weld41.Part1 = Part144
Weld41.part1 = Part144
Weld42.Name = "Ring"
Weld42.Parent = Part5
Weld42.C0 = CFrame.new(0.950437546, 1.04809952, 2.14936757, 1, 2.44082366e-05, 5.48110992e-12, -2.44082348e-05, 1, 2.98038678e-08, -4.75365016e-12, -2.98038678e-08, 1)
Weld42.Part0 = Part5
Weld42.Part1 = Part145
Weld42.part1 = Part145
Weld43.Name = "Ring"
Weld43.Parent = Part5
Weld43.C0 = CFrame.new(0.93559885, 0.878759384, 2.1493504, 0.984803855, 0.173670515, 5.48055611e-12, -0.173670515, 0.984803855, 2.98038678e-08, 5.1706559e-09, -2.93519165e-08, 1)
Weld43.Part0 = Part5
Weld43.Part1 = Part146
Weld43.part1 = Part146
Weld44.Name = "Ring"
Weld44.Parent = Part5
Weld44.C0 = CFrame.new(-0.984725952, 1.21737671, 2.14933324, 0.984804153, 0.173669145, 5.47890032e-12, -0.173669159, 0.984804094, 2.98038678e-08, 5.17061727e-09, -2.93519236e-08, 1)
Weld44.Part0 = Part5
Weld44.Part1 = Part147
Weld44.part1 = Part147
Weld45.Name = "Ring"
Weld45.Parent = Part5
Weld45.C0 = CFrame.new(0.891610146, 0.714532852, 2.14931607, 0.939686477, 0.34203732, 5.47805377e-12, -0.34203738, 0.939686358, 2.98038714e-08, 1.01888897e-08, -2.80081647e-08, 1)
Weld45.Part0 = Part5
Weld45.Part1 = Part148
Weld45.part1 = Part148
Weld46.Name = "Ring"
Weld46.Parent = Part5
Weld46.C0 = CFrame.new(-0.940737724, 1.38145828, 2.14929891, 0.939687371, 0.342034876, 5.47829533e-12, -0.342034936, 0.939687252, 2.98038714e-08, 1.0188816e-08, -2.80081913e-08, 1)
Weld46.Part0 = Part5
Weld46.Part1 = Part149
Weld46.part1 = Part149
Weld47.Name = "Ring"
Weld47.Parent = Part5
Weld47.C0 = CFrame.new(-0.868886948, 1.53543854, 2.14928174, 0.866019428, 0.500010371, 5.47747611e-12, -0.500010371, 0.866019487, 2.98038678e-08, 1.48974992e-08, -2.58134687e-08, 1)
Weld47.Part0 = Part5
Weld47.Part1 = Part150
Weld47.part1 = Part150
Weld48.Name = "Ring"
Weld48.Parent = Part5
Weld48.C0 = CFrame.new(0.819813251, 0.560403824, 2.14926457, 0.866021156, 0.500007391, 5.47740672e-12, -0.500007391, 0.866021156, 2.98038607e-08, 1.48974078e-08, -2.58135131e-08, 1)
Weld48.Part0 = Part5
Weld48.Part1 = Part151
Weld48.part1 = Part151
Weld49.Name = "Ring"
Weld49.Parent = Part5
Weld49.C0 = CFrame.new(0.722314835, 0.421167374, 2.14924741, 0.766041696, 0.642791033, 5.47830965e-12, -0.642791033, 0.766041636, 2.98038607e-08, 1.91534575e-08, -2.28345183e-08, 1)
Weld49.Part0 = Part5
Weld49.Part1 = Part152
Weld49.part1 = Part152
Weld50.Name = "Ring"
Weld50.Parent = Part5
Weld50.C0 = CFrame.new(-0.771431446, 1.67454529, 2.14923024, 0.766044199, 0.642787993, 5.47692881e-12, -0.642787933, 0.766044259, 2.98038572e-08, 1.91533633e-08, -2.28345947e-08, 1)
Weld50.Part0 = Part5
Weld50.Part1 = Part153
Weld50.part1 = Part153
Weld51.Name = "Ring"
Weld51.Parent = Part5
Weld51.C0 = CFrame.new(-0.0245461464, 0.0728321075, 2.14921308, -1.49010509e-06, 1, 5.47674883e-12, -1, -1.49010509e-06, 2.98038536e-08, 2.98038536e-08, -5.43233817e-12, 1)
Weld51.Part0 = Part5
Weld51.Part1 = Part154
Weld51.part1 = Part154
Weld52.Name = "Wing"
Weld52.Parent = Part5
Weld52.C0 = CFrame.new(-2.01309824, -1.62157345, 2.14920211, 3.17831365e-07, 0.766046584, 0.642785072, 8.69255601e-09, -0.642785013, 0.766046643, 1, -2.37886184e-07, -2.10956173e-07)
Weld52.Part0 = Part5
Weld52.Part1 = Part155
Weld52.part1 = Part155
Weld53.Name = "Wing"
Weld53.Parent = Part5
Weld53.C0 = CFrame.new(-0.888256073, -0.281064987, 2.14920211, 3.17831365e-07, 0.642792583, -0.766040266, 8.69255601e-09, 0.766040385, 0.642792523, 1, -2.1095849e-07, 2.37884123e-07)
Weld53.Part0 = Part5
Weld53.Part1 = Part157
Weld53.part1 = Part157
Weld54.Name = "Ring"
Weld54.Parent = Part5
Weld54.C0 = CFrame.new(-0.940725803, 0.714357376, 2.14920497, 0.93968749, -0.342015356, 5.47673712e-12, 0.3420147, 0.939685583, 2.98037932e-08, -1.01985016e-08, -2.80043793e-08, 0.999997973)
Weld54.Part0 = Part5
Weld54.Part1 = Part159
Weld54.part1 = Part159
Weld55.Name = "Wing"
Weld55.Parent = Part5
Weld55.C0 = CFrame.new(-2.59089231, 4.21131897, 2.1491847, -7.59751941e-08, -0.642790437, -0.766042113, -2.79524443e-07, 0.766042113, -0.642790437, 1, 1.65291368e-07, -2.3787581e-07)
Weld55.Part0 = Part5
Weld55.Part1 = Part160
Weld55.part1 = Part160
Weld56.Name = "Wing"
Weld56.Parent = Part5
Weld56.C0 = CFrame.new(-2.37443972, 0.797786713, 2.14918494, -1.88127615e-07, 1, -1.32000946e-06, 2.27232476e-07, -1.32000946e-06, -1, -1, -1.88127927e-07, -2.27232235e-07)
Weld56.Part0 = Part5
Weld56.Part1 = Part162
Weld56.part1 = Part162
Weld57.Name = "Wing"
Weld57.Parent = Part5
Weld57.C0 = CFrame.new(-4.1243782, 0.922784805, 2.14918494, 1.88127615e-07, -1.570839e-06, 1, -2.27232476e-07, -1, -1.57083912e-06, 1, -2.27232178e-07, -1.88127984e-07)
Weld57.Part0 = Part5
Weld57.Part1 = Part164
Weld57.part1 = Part164
Weld58.Name = "Wing"
Weld58.Parent = Part5
Weld58.C0 = CFrame.new(-3.37440395, 1.29777145, 2.14918494, 1.88127615e-07, -1, -1.32000946e-06, -2.27232476e-07, 1.32000946e-06, -1, 1, 1.88127927e-07, -2.27232235e-07)
Weld58.Part0 = Part5
Weld58.Part1 = Part166
Weld58.part1 = Part166
Weld59.Name = "Wing"
Weld59.Parent = Part5
Weld59.C0 = CFrame.new(-1.62446308, 1.29776573, 2.14918494, -1.88127615e-07, 1, -1.32000946e-06, 2.27232476e-07, -1.32000946e-06, -1, -1, -1.88127927e-07, -2.27232235e-07)
Weld59.Part0 = Part5
Weld59.Part1 = Part168
Weld59.part1 = Part168
Weld60.Name = "Wing"
Weld60.Parent = Part5
Weld60.C0 = CFrame.new(-2.12444639, 1.29776955, 2.14918494, 1.88127615e-07, -1, -1.32000946e-06, -2.27232476e-07, 1.32000946e-06, -1, 1, 1.88127927e-07, -2.27232235e-07)
Weld60.Part0 = Part5
Weld60.Part1 = Part170
Weld60.part1 = Part170
Weld61.Name = "Wing"
Weld61.Parent = Part5
Weld61.C0 = CFrame.new(-2.12444735, 0.797786713, 2.14918494, -1.88127615e-07, -1, 1.32000946e-06, 2.27232476e-07, 1.32000946e-06, 1, -1, 1.88127927e-07, 2.27232235e-07)
Weld61.Part0 = Part5
Weld61.Part1 = Part172
Weld61.part1 = Part172
Weld62.Name = "Wing"
Weld62.Parent = Part5
Weld62.C0 = CFrame.new(-2.37443876, 1.29776955, 2.14918494, 1.88127615e-07, 1, 1.32000946e-06, -2.27232476e-07, -1.32000946e-06, 1, 1, -1.88127927e-07, 2.27232235e-07)
Weld62.Part0 = Part5
Weld62.Part1 = Part174
Weld62.part1 = Part174
Weld63.Name = "Wing"
Weld63.Parent = Part5
Weld63.C0 = CFrame.new(-1.62446499, 0.797784805, 2.14918494, 1.88127615e-07, 1, 1.32000946e-06, -2.27232476e-07, -1.32000946e-06, 1, 1, -1.88127927e-07, 2.27232235e-07)
Weld63.Part0 = Part5
Weld63.Part1 = Part176
Weld63.part1 = Part176
Weld64.Name = "Wing"
Weld64.Parent = Part5
Weld64.C0 = CFrame.new(-3.37440491, 0.79778862, 2.14918494, 1.88127615e-07, -1.570839e-06, 1, -2.27232476e-07, -1, -1.57083912e-06, 1, -2.27232178e-07, -1.88127984e-07)
Weld64.Part0 = Part5
Weld64.Part1 = Part178
Weld64.part1 = Part178
Weld65.Name = "Wing"
Weld65.Parent = Part5
Weld65.C0 = CFrame.new(-4.12437773, 1.17277145, 2.14918494, 1.88127615e-07, -1, -1.32000946e-06, -2.27232476e-07, 1.32000946e-06, -1, 1, 1.88127927e-07, -2.27232235e-07)
Weld65.Part0 = Part5
Weld65.Part1 = Part180
Weld65.part1 = Part180
Weld66.Name = "Wing"
Weld66.Parent = Part5
Weld66.C0 = CFrame.new(-1.37030649, -0.855587006, 2.14918494, -3.17831336e-07, 0.642792523, 0.766040444, -8.69256489e-09, 0.766040444, -0.642792523, -1, -2.10958461e-07, -2.37884137e-07)
Weld66.Part0 = Part5
Weld66.Part1 = Part182
Weld66.part1 = Part182
Weld67.Name = "Part"
Weld67.Parent = Part5
Weld67.C0 = CFrame.new(-2.5909009, -2.11575985, 2.14918494, 3.17831336e-07, 0.766046703, 0.642785072, 8.69256489e-09, -0.642785072, 0.766046703, 1, -2.37886184e-07, -2.10956145e-07)
Weld67.Part0 = Part5
Weld67.Part1 = Part184
Weld67.part1 = Part184
Weld68.Name = "Wing"
Weld68.Parent = Part5
Weld68.C0 = CFrame.new(-2.39608049, -1.30021954, 2.14918494, 3.17831336e-07, -0.642792523, 0.766040444, 8.69256489e-09, -0.766040444, -0.642792523, 1, 2.10958461e-07, -2.37884137e-07)
Weld68.Part0 = Part5
Weld68.Part1 = Part186
Weld68.part1 = Part186
Weld69.Name = "Wing"
Weld69.Parent = Part5
Weld69.C0 = CFrame.new(-1.27123976, 0.0402927399, 2.14918494, -3.17831336e-07, 0.642792523, 0.766040444, -8.69256489e-09, 0.766040444, -0.642792523, -1, -2.10958461e-07, -2.37884137e-07)
Weld69.Part0 = Part5
Weld69.Part1 = Part188
Weld69.part1 = Part188
Weld70.Name = "Wing"
Weld70.Parent = Part5
Weld70.C0 = CFrame.new(-1.59262371, -0.342709541, 2.14918494, 3.17831336e-07, -0.642792523, 0.766040444, 8.69256489e-09, -0.766040444, -0.642792523, 1, 2.10958461e-07, -2.37884137e-07)
Weld70.Part0 = Part5
Weld70.Part1 = Part190
Weld70.part1 = Part190
Weld71.Name = "Wing"
Weld71.Parent = Part5
Weld71.C0 = CFrame.new(-1.20961332, -0.664083481, 2.14918494, -3.17831336e-07, -0.642792523, -0.766040444, -8.69256489e-09, -0.766040444, 0.642792523, -1, 2.10958461e-07, 2.37884137e-07)
Weld71.Part0 = Part5
Weld71.Part1 = Part192
Weld71.part1 = Part192
Weld72.Name = "Wing"
Weld72.Parent = Part5
Weld72.C0 = CFrame.new(1.71106052, -0.534211159, 2.14918399, -3.17831365e-07, -0.642790258, 0.766042233, -5.09142346e-08, 0.766042233, 0.642790258, -1, 1.65296441e-07, -2.76199444e-07)
Weld72.Part0 = Part5
Weld72.Part1 = Part194
Weld72.part1 = Part194
Weld73.Name = "Part"
Weld73.Parent = Part5
Weld73.C0 = CFrame.new(2.74017239, -1.95508289, 2.14917588, -3.17833383e-07, 0.642790318, -0.766042173, -5.09143696e-08, -0.766042173, -0.642790318, -1, -1.65297664e-07, 2.76201035e-07)
Weld73.Part0 = Part5
Weld73.Part1 = Part196
Weld73.part1 = Part196
Weld74.Name = "Wing"
Weld74.Parent = Part5
Weld74.C0 = CFrame.new(2.35381699, 3.39575386, 2.14919281, 7.59741212e-08, 0.766046762, -0.642784953, -3.39131816e-07, -0.642784953, -0.766046703, -1, 2.7618853e-07, 2.10955804e-07)
Weld74.Part0 = Part5
Weld74.Part1 = Part198
Weld74.part1 = Part198
Weld75.Name = "Wing"
Weld75.Parent = Part5
Weld75.C0 = CFrame.new(1.2289772, 2.05524063, 2.14919281, 7.59741212e-08, -0.642792761, -0.766040146, -3.39131816e-07, -0.766040206, 0.642792702, -1, 2.10953019e-07, -2.7619069e-07)
Weld75.Part0 = Part5
Weld75.Part1 = Part200
Weld75.part1 = Part200
Weld76.Name = "Wing"
Weld76.Parent = Part5
Weld76.C0 = CFrame.new(1.32804298, 2.95112228, 2.14919281, 7.59741212e-08, -0.642792761, -0.766040146, -3.39131816e-07, -0.766040206, 0.642792702, -1, 2.10953019e-07, -2.7619069e-07)
Weld76.Part0 = Part5
Weld76.Part1 = Part202
Weld76.part1 = Part202
Weld77.Name = "Wing"
Weld77.Parent = Part5
Weld77.C0 = CFrame.new(1.55035973, 2.43824959, 2.14919281, -7.59741212e-08, 0.642792761, -0.766040146, 3.39131816e-07, 0.766040206, 0.642792702, 1, -2.10953019e-07, -2.7619069e-07)
Weld77.Part0 = Part5
Weld77.Part1 = Part204
Weld77.part1 = Part204
Weld78.Name = "Wing"
Weld78.Parent = Part5
Weld78.C0 = CFrame.new(1.16735077, 2.75962257, 2.14919281, 7.59741212e-08, 0.642792761, 0.766040146, -3.39131816e-07, 0.766040206, -0.642792702, -1, -2.10953019e-07, 2.7619069e-07)
Weld78.Part0 = Part5
Weld78.Part1 = Part206
Weld78.part1 = Part206
Weld79.Name = "Wing"
Weld79.Parent = Part5
Weld79.C0 = CFrame.new(1.97080803, 3.71713448, 2.14919281, 7.59741212e-08, 0.642792761, 0.766040146, -3.39131816e-07, 0.766040206, -0.642792702, -1, -2.10953019e-07, 2.7619069e-07)
Weld79.Part0 = Part5
Weld79.Part1 = Part208
Weld79.part1 = Part208
Weld80.Name = "Wing"
Weld80.Parent = Part5
Weld80.C0 = CFrame.new(2.74013901, 4.05060196, 2.14919281, 7.59741212e-08, 0.766046762, -0.642784953, -3.39131816e-07, -0.642784953, -0.766046703, -1, 2.7618853e-07, 2.10955804e-07)
Weld80.Part0 = Part5
Weld80.Part1 = Part210
Weld80.part1 = Part210
Weld81.Name = "Wing"
Weld81.Parent = Part5
Weld81.C0 = CFrame.new(1.71105289, 2.62975121, 2.14919281, -7.59741212e-08, -0.642792761, 0.766040146, 3.39131816e-07, -0.766040206, -0.642792702, 1, 2.10953019e-07, 2.7619069e-07)
Weld81.Part0 = Part5
Weld81.Part1 = Part212
Weld81.part1 = Part212
Weld82.Name = "Wing"
Weld82.Parent = Part5
Weld82.C0 = CFrame.new(1.97081661, -1.62160492, 2.14918494, -3.17831365e-07, -0.766048491, -0.642782807, -5.09142346e-08, -0.642782807, 0.766048491, -1, 2.76201064e-07, 1.65293756e-07)
Weld82.Part0 = Part5
Weld82.Part1 = Part214
Weld82.part1 = Part214
Weld83.Name = "Wing"
Weld83.Parent = Part5
Weld83.C0 = CFrame.new(2.54865074, 4.21131134, 2.1491847, 7.59742633e-08, 0.642792642, 0.766040266, -3.39132356e-07, 0.766040266, -0.642792642, -1, -2.10953345e-07, 2.76191116e-07)
Weld83.Part0 = Part5
Weld83.Part1 = Part216
Weld83.part1 = Part216
Weld84.Name = "Wing"
Weld84.Parent = Part5
Weld84.C0 = CFrame.new(2.33218956, 0.797779083, 2.14918399, 1.88128382e-07, -1, -1.54108045e-06, 2.86839651e-07, 1.54108045e-06, -1, 1, 1.88127956e-07, 2.86839963e-07)
Weld84.Part0 = Part5
Weld84.Part1 = Part218
Weld84.part1 = Part218
Weld85.Name = "Wing"
Weld85.Parent = Part5
Weld85.C0 = CFrame.new(4.08212948, 0.922773361, 2.14918494, -1.88128382e-07, -1.40936936e-06, -1, -2.86839651e-07, -1, 1.40936947e-06, -1, 2.86839906e-07, 1.88127999e-07)
Weld85.Part0 = Part5
Weld85.Part1 = Part220
Weld85.part1 = Part220
Weld86.Name = "Wing"
Weld86.Parent = Part5
Weld86.C0 = CFrame.new(3.33215618, 1.29776192, 2.14918494, -1.88128382e-07, 1, -1.54108045e-06, -2.86839651e-07, -1.54108045e-06, -1, -1, -1.88127956e-07, 2.86839963e-07)
Weld86.Part0 = Part5
Weld86.Part1 = Part222
Weld86.part1 = Part222
Weld87.Name = "Wing"
Weld87.Parent = Part5
Weld87.C0 = CFrame.new(1.58221436, 1.29776382, 2.14918399, 1.88128382e-07, -1, -1.54108045e-06, 2.86839651e-07, 1.54108045e-06, -1, 1, 1.88127956e-07, 2.86839963e-07)
Weld87.Part0 = Part5
Weld87.Part1 = Part224
Weld87.part1 = Part224
Weld88.Name = "Wing"
Weld88.Parent = Part5
Weld88.C0 = CFrame.new(2.08219814, 1.29776001, 2.14918399, -1.88128382e-07, 1, -1.54108045e-06, -2.86839651e-07, -1.54108045e-06, -1, -1, -1.88127956e-07, 2.86839963e-07)
Weld88.Part0 = Part5
Weld88.Part1 = Part226
Weld88.part1 = Part226
Weld89.Name = "Wing"
Weld89.Parent = Part5
Weld89.C0 = CFrame.new(2.08219719, 0.797779083, 2.14918399, 1.88128382e-07, 1, 1.54108045e-06, 2.86839651e-07, -1.54108045e-06, 1, 1, -1.88127956e-07, -2.86839963e-07)
Weld89.Part0 = Part5
Weld89.Part1 = Part228
Weld89.part1 = Part228
Weld90.Name = "Wing"
Weld90.Parent = Part5
Weld90.C0 = CFrame.new(2.33218956, 1.29776192, 2.14918399, -1.88128382e-07, -1, 1.54108045e-06, -2.86839651e-07, 1.54108045e-06, 1, -1, 1.88127956e-07, -2.86839963e-07)
Weld90.Part0 = Part5
Weld90.Part1 = Part230
Weld90.part1 = Part230
Weld91.Name = "Wing"
Weld91.Parent = Part5
Weld91.C0 = CFrame.new(1.58221436, 0.797780991, 2.14918399, -1.88128382e-07, -1, 1.54108045e-06, -2.86839651e-07, 1.54108045e-06, 1, -1, 1.88127956e-07, -2.86839963e-07)
Weld91.Part0 = Part5
Weld91.Part1 = Part232
Weld91.part1 = Part232
Weld92.Name = "Wing"
Weld92.Parent = Part5
Weld92.C0 = CFrame.new(3.33215618, 0.797779083, 2.14918494, -1.88128382e-07, -1.40936936e-06, -1, -2.86839651e-07, -1, 1.40936947e-06, -1, 2.86839906e-07, 1.88127999e-07)
Weld92.Part0 = Part5
Weld92.Part1 = Part234
Weld92.part1 = Part234
Weld93.Name = "Wing"
Weld93.Parent = Part5
Weld93.C0 = CFrame.new(4.08212948, 1.17276192, 2.14918494, -1.88128382e-07, 1, -1.54108045e-06, -2.86839651e-07, -1.54108045e-06, -1, -1, -1.88127956e-07, 2.86839963e-07)
Weld93.Part0 = Part5
Weld93.Part1 = Part236
Weld93.part1 = Part236
Weld94.Name = "Wing"
Weld94.Parent = Part5
Weld94.C0 = CFrame.new(1.32805061, -0.855591774, 2.14918399, 3.17831365e-07, -0.642790258, -0.766042233, 5.09142346e-08, 0.766042233, -0.642790258, 1, 1.65296441e-07, 2.76199444e-07)
Weld94.Part0 = Part5
Weld94.Part1 = Part238
Weld94.part1 = Part238
Weld95.Name = "Part"
Weld95.Parent = Part5
Weld95.C0 = CFrame.new(2.5486412, -2.11576748, 2.14918494, -3.17831365e-07, -0.766048491, -0.642782807, -5.09142346e-08, -0.642782807, 0.766048491, -1, 2.76201064e-07, 1.65293756e-07)
Weld95.Part0 = Part5
Weld95.Part1 = Part240
Weld95.part1 = Part240
Weld96.Name = "Wing"
Weld96.Parent = Part5
Weld96.C0 = CFrame.new(2.35382557, -1.30022621, 2.14918494, -3.17831365e-07, 0.642790258, -0.766042233, -5.09142346e-08, -0.766042233, -0.642790258, -1, -1.65296441e-07, 2.76199444e-07)
Weld96.Part0 = Part5
Weld96.Part1 = Part242
Weld96.part1 = Part242
Weld97.Name = "Wing"
Weld97.Parent = Part5
Weld97.C0 = CFrame.new(1.22898865, 0.0402870178, 2.14918399, 3.17831365e-07, -0.642790258, -0.766042233, 5.09142346e-08, 0.766042233, -0.642790258, 1, 1.65296441e-07, 2.76199444e-07)
Weld97.Part0 = Part5
Weld97.Part1 = Part244
Weld97.part1 = Part244
Weld98.Name = "Wing"
Weld98.Parent = Part5
Weld98.C0 = CFrame.new(1.55037022, -0.342713356, 2.14918399, -3.17831365e-07, 0.642790258, -0.766042233, -5.09142346e-08, -0.766042233, -0.642790258, -1, -1.65296441e-07, 2.76199444e-07)
Weld98.Part0 = Part5
Weld98.Part1 = Part246
Weld98.part1 = Part246
Weld99.Name = "Wing"
Weld99.Parent = Part5
Weld99.C0 = CFrame.new(1.16735935, -0.664088249, 2.14918399, 3.17831365e-07, 0.642790258, 0.766042233, 5.09142346e-08, -0.766042233, 0.642790258, 1, -1.65296441e-07, -2.76199444e-07)
Weld99.Part0 = Part5
Weld99.Part1 = Part248
Weld99.part1 = Part248
Weld100.Name = "Wing"
Weld100.Parent = Part5
Weld100.C0 = CFrame.new(0.845968246, 2.37662125, 2.14919281, -7.59741212e-08, -0.642792761, 0.766040146, 3.39131816e-07, -0.766040206, -0.642792702, 1, 2.10953019e-07, 2.7619069e-07)
Weld100.Part0 = Part5
Weld100.Part1 = Part250
Weld100.part1 = Part250
Weld101.Name = "Wing"
Weld101.Parent = Part5
Weld101.C0 = CFrame.new(0.84597683, -0.281093597, 2.14918399, -3.17831365e-07, -0.642790258, 0.766042233, -5.09142346e-08, 0.766042233, 0.642790258, -1, 1.65296441e-07, -2.76199444e-07)
Weld101.Part0 = Part5
Weld101.Part1 = Part252
Weld101.part1 = Part252
Part102.Name = "Wing"
Part102.Parent = Model0
Part102.CFrame = CFrame.new(5.57805729, 19.7186699, -1.64923835, -7.59926095e-08, -0.766058385, 0.642760992, -3.0939637e-07, -0.64275974, -0.766056836, 0.999997973, -2.57085873e-07, -1.88173132e-07)
Part102.Orientation = Vector3.new(50, 90, -180)
Part102.Position = Vector3.new(5.5780572891235, 19.718669891357, -1.6492383480072)
Part102.Rotation = Vector3.new(90, 40, 90)
Part102.Color = Color3.new(0.431373, 0.6, 0.792157)
Part102.Size = Vector3.new(0.10000000149012, 0.10000000149012, 0.10000000149012)
Part102.BottomSurface = Enum.SurfaceType.Smooth
Part102.BrickColor = BrickColor.new("Medium blue")
Part102.CanCollide = false
Part102.Locked = true
Part102.Material = Enum.Material.Neon
Part102.TopSurface = Enum.SurfaceType.Smooth
Part102.brickColor = BrickColor.new("Medium blue")
SpecialMesh103.Parent = Part102
SpecialMesh103.Scale = Vector3.new(0.5, 5, 15)
SpecialMesh103.MeshType = Enum.MeshType.Wedge
