local Player = owner
local Char = Player.Character
local Hum = Char:WaitForChild("Humanoid")
local RootPart = Char:WaitForChild("HumanoidRootPart")
local Torso = Char:WaitForChild("Torso")
local Head = Char:WaitForChild("Head")
local RA = Char:WaitForChild("Right Arm")
local LA = Char:WaitForChild("Left Arm")
local RL = Char:WaitForChild("Right Leg")
local LL = Char:WaitForChild("Left Leg")
local RunningAnims = {}
local Animating = {}
local PauseAnims = {}

local function tick()
	return os.clock()
end

local function wait(Num)
	local CurrentTick = tick()
	repeat
		game:GetService("RunService").Stepped:Wait()
	until tick() >= CurrentTick + (Num or 0)
end

local function spawn(Func)
	coroutine.wrap(Func)()
end

function CreateWeld(PropertyTable)
	local Weld = Instance.new("Weld")
	Weld.Parent = PropertyTable.Parent
	Weld.Part0 = PropertyTable.Part0
	Weld.Part1 = PropertyTable.Part1
	Weld.C0 = PropertyTable.C0 or CFrame.new()
	return Weld
end

function SetTween(Instance,PropertyTable,Style,Direction,Time)
	Style = Enum.EasingStyle[Style]
	Direction = Enum.EasingDirection[Direction]
	local Info = TweenInfo.new(
		Time,
		Style,
		Direction,
		0,
		false,
		0
	)
	local TweenAnim = game:GetService("TweenService"):Create(Instance,Info,PropertyTable)
	TweenAnim:Play()
	return TweenAnim
end

-- Keyframe Order: Time Position, RJ, Neck, RS, LS, RH, LH

function PlayAnimation(AnimationTable,Priority,TweenTime,Looped,Speed,WaitUntilFinish,FunctionsAfterTime)
	local function Start()
		Priority = Priority or 1
		Speed = Speed or 1
		local Joints = {RJ,Neck,RS,LS,RH,LH,Grip} -- Don't change the first 6 elements. Any tool welds can be added afterward, like "Grip".
		local Id = tick().."/"..tostring(Looped).."|"..Priority
		table.insert(RunningAnims,Id)
		local PausedAnimIDs = {}
		local WaitForAnim
		local Delete = {}
		for v, Anim in pairs(RunningAnims) do
			if Anim ~= Id then
				for i = 2, #AnimationTable[1] do
					if AnimationTable[1][i] and table.find(Animating,tostring(Joints[i - 1].Part1)..Anim) and not table.find(PauseAnims,tostring(Joints[i - 1].Part1)..Anim) then
						if tonumber(string.sub(Anim,string.find(Anim,"|") + 1)) > Priority then
							table.insert(PauseAnims,tostring(Joints[i - 1].Part1)..Id)
							if string.sub(Anim,string.find(Anim,"/") + 1,string.find(Anim,"|") - 1) ~= "true" then
								WaitForAnim = Anim
							end
						elseif tonumber(string.sub(Anim,string.find(Anim,"|") + 1)) <= Priority then
							table.insert(PauseAnims,tostring(Joints[i - 1].Part1)..Anim)
							if not table.find(PausedAnimIDs,Anim) then
								table.insert(PausedAnimIDs,Anim)
							end
						end
					end
				end
				local AnimatingNum = 0
				local PausedNum = 0
				for _, Joint in pairs(Joints) do
					if table.find(Animating,tostring(Joint.Part1)..Anim) then
						AnimatingNum += 1
					end
					if table.find(PauseAnims,tostring(Joint.Part1)..Anim) then
						PausedNum += 1
					end
				end
				if table.find(RunningAnims,Anim) and (PausedNum == AnimatingNum or string.sub(Anim,string.find(Anim,"/") + 1,string.find(Anim,"|") - 1) == "true") then
					table.insert(Delete,Anim)
					if table.find(PausedAnimIDs,Anim) then
						table.remove(PausedAnimIDs,table.find(PausedAnimIDs,Anim))
					end
				end
			end
		end
		for _, Anim in pairs(Delete) do
			table.remove(RunningAnims,table.find(RunningAnims,Anim))
		end
		local Loops = 0
		local TablesCompleted = {}
		repeat
			local Tween
			local CurrentTimePos = AnimationTable[1][1]
			local TweenTime = TweenTime or .1
			for v, Keyframe in pairs(AnimationTable) do
				for i = 2, #Keyframe do
					if Keyframe[i] and table.find(RunningAnims,Id) then
						if not table.find(PauseAnims,tostring(Joints[i - 1].Part1)..Id) then
							if typeof(Keyframe[i]) == "CFrame" then
								if v == 1 then
									if Loops < 1 then
										Tween = SetTween(Joints[i - 1],{C0 = Keyframe[i]},"Linear","In",TweenTime)
									else
										Tween = SetTween(Joints[i - 1],{C0 = Keyframe[i]},"Linear","In",.05 / Speed)
									end
								else
									Tween = SetTween(Joints[i - 1],{C0 = Keyframe[i]},"Linear","In",(Keyframe[1] - CurrentTimePos) / Speed)
								end
							else
								Joints[i - 1].Part0 = Keyframe[i][1]
								if v == 1 then
									if Loops < 1 then
										SetTween(Joints[i - 1],{C0 = Keyframe[i][2]},"Linear","In",0)
									else
										Tween = SetTween(Joints[i - 1],{C0 = Keyframe[i][2]},"Linear","In",.05 / Speed)
									end
								else
									Tween = SetTween(Joints[i - 1],{C0 = Keyframe[i][2]},"Linear","In",(Keyframe[1] - CurrentTimePos) / Speed)
								end
							end
						end
						if not table.find(Animating,tostring(Joints[i - 1].Part1)..Id) then
							table.insert(Animating,tostring(Joints[i - 1].Part1)..Id)
						end
					end
				end
				while Tween and Tween.PlaybackState ~= Enum.PlaybackState.Completed do
					if WaitForAnim and not table.find(RunningAnims,WaitForAnim) then
						WaitForAnim = nil
						for _, Joint in pairs(Joints) do
							if table.find(PauseAnims,tostring(Joint.Part1)..Id) then
								table.remove(PauseAnims,table.find(PauseAnims,tostring(Joint.Part1)..Id))
							end
						end
					end
					local AnimatingNum = 0
					local PausedNum = 0
					for _, Joint in pairs(Joints) do
						if table.find(Animating,tostring(Joint.Part1)..Id) then
							AnimatingNum += 1
						end
						if table.find(PauseAnims,tostring(Joint.Part1)..Id) then
							PausedNum += 1
						end
					end
					if PausedNum == AnimatingNum and table.find(RunningAnims,Id) then
						table.remove(RunningAnims,table.find(RunningAnims,Id))
					end
					if not table.find(RunningAnims,Id) then
						break
					end
					wait()
				end
				if FunctionsAfterTime and #FunctionsAfterTime > 0 then
					for _, Table in pairs(FunctionsAfterTime) do
						if Keyframe[1] >= Table[1] and not table.find(TablesCompleted,Table) then
							spawn(Table[2])
							table.insert(TablesCompleted,Table)
						end
					end
				end
				for i = 2, #Keyframe do
					if Keyframe[i] and AnimationTable[v + 1] and AnimationTable[v + 1][i] == false and table.find(RunningAnims,Id) then
						local LaterKeyframe
						local LaterTimePos
						for _, Keyframe in pairs({table.unpack(AnimationTable,v + 2)}) do
							if Keyframe[i] then
								LaterKeyframe = Keyframe
								LaterTimePos = Keyframe[1]
								break
							end
						end
						if LaterTimePos then
							if not table.find(PauseAnims,tostring(Joints[i - 1].Part1)..Id) then
								if typeof(Keyframe[i]) == "CFrame" then
									SetTween(Joints[i - 1],{C0 = LaterKeyframe[i]},"Linear","In",(LaterTimePos - Keyframe[1]) / Speed)
								else
									Joints[i - 1].Part0 = Keyframe[i][1]
									SetTween(Joints[i - 1],{C0 = LaterKeyframe[i][2]},"Linear","In",(LaterTimePos - Keyframe[1]) / Speed)
								end
							end
							if not table.find(Animating,tostring(Joints[i - 1].Part1)..Id) then
								table.insert(Animating,tostring(Joints[i - 1].Part1)..Id)
							end
						end
					end
				end
				CurrentTimePos = Keyframe[1]
			end
			Loops += 1
			if not Tween then
				wait()
			end
		until not Looped or not table.find(RunningAnims,Id)
		for _, OtherId in pairs(PausedAnimIDs) do
			for _, Joint in pairs(Joints) do
				if table.find(Animating,tostring(Joint.Part1)..Id) and table.find(PauseAnims,tostring(Joint.Part1)..OtherId) then
					table.remove(PauseAnims,table.find(PauseAnims,tostring(Joint.Part1)..OtherId))
				end
			end
		end
		for _, Joint in pairs(Joints) do
			for i, Anim in pairs(Animating) do
				if Anim == tostring(Joint.Part1)..Id then
					table.remove(Animating,i)
				end
			end
			for i, Anim in pairs(PauseAnims) do
				if Anim == tostring(Joint.Part1)..Id then
					table.remove(PauseAnims,i)
				end
			end
		end
		if table.find(RunningAnims,Id) then
			table.remove(RunningAnims,table.find(RunningAnims,Id))
		end
	end
	if WaitUntilFinish then
		Start()
	else
		spawn(Start)
	end
end

local Handle = Instance.new("Part",Char)
Handle.CanCollide = false
Handle.Size = Vector3.new(0.122, 0.182, 1.397)
Handle.Color = Color3.fromRGB(40,40,40)

RJ = CreateWeld({Part0 = RootPart,Part1 = Torso,Parent = RootPart})
Neck = CreateWeld({Part0 = Torso,Part1 = Head,C0 = CFrame.new(0,1.5,0),Parent = RootPart})
RS = CreateWeld({Part0 = Torso,Part1 = RA,C0 = CFrame.new(1.5,0,0),Parent = RootPart})
LS = CreateWeld({Part0 = Torso,Part1 = LA,C0 = CFrame.new(-1.5,0,0),Parent = RootPart})
RH = CreateWeld({Part0 = Torso,Part1 = RL,C0 = CFrame.new(.5,-2,0),Parent = RootPart})
LH = CreateWeld({Part0 = Torso,Part1 = LL,C0 = CFrame.new(-.5,-2,0),Parent = RootPart})
Grip = CreateWeld({Part0 = Torso,Part1 = Handle,C0 = CFrame.new(-2.95,1.79,.55) * CFrame.Angles(math.pi / 2,1.1,math.pi / 2),Parent = RootPart})

local idle = {
	{
		9.999930625781417e-07,
		CFrame.new(0, 5.9021287, 0, 0.932513595, 0, -0.361134917, 0, 1, 0, 0.361134917, 0, 0.932513595),
		CFrame.new(-0.0421905518, 1.4914341, -0.0819282532, 0.889034748, -0.0843762532, 0.449997783, -7.83056021e-06, 0.982868731, 0.184307024, -0.457839906, -0.163858891, 0.873803794),
		CFrame.new(1.45909119, 0.822093964, -0.153079033, 0.751979589, 7.9444726e-06, 0.659186423, 0.00128473493, -0.999997973, -0.00145353435, 0.659185112, 0.00193990814, -0.751978159),
		CFrame.new(-0.525848389, 0.453185081, -0.687931061, 0.0108014941, -0.999917984, 0.00686941296, 0.334833145, -0.00285646273, -0.942272961, 0.942215443, 0.012478143, 0.334774792),
		CFrame.new(0.527954102, -1.98515034, 0.0644416809, 0.999690056, -0.024212271, -0.00580596924, 0.0248843152, 0.9636572, 0.265979916, -0.000845044851, -0.266041964, 0.963961124),
		CFrame.new(-0.516654968, -1.46306515, -0.099615097, 1, 7.4505806e-09, 0, -1.04397131e-08, 0.971060574, 0.238832802, 0, -0.238832816, 0.971060693),
	},
	{
		0.01841789999161847,
		CFrame.new(0, 5.90227556, 0, 0.932513595, 0, -0.361134917, 0, 1, 0, 0.361134917, 0, 0.932513595),
		CFrame.new(-0.0421829224, 1.49143982, -0.0818977356, 0.889034748, -0.0843612105, 0.450000584, 7.46920705e-06, 0.982880354, 0.184244931, -0.457839847, -0.163796782, 0.873815417),
		CFrame.new(1.45909119, 0.822141647, -0.153079033, 0.751979589, 7.9444726e-06, 0.659186423, 0.00128473493, -0.999997973, -0.00145353435, 0.659185112, 0.00193990814, -0.751978159),
		CFrame.new(-0.525848389, 0.453216553, -0.687931061, 0.0108014941, -0.999917984, 0.00686941296, 0.334833145, -0.00285646273, -0.942272961, 0.942215443, 0.012478143, 0.334774792),
		CFrame.new(0.527946472, -1.98520279, 0.0644283295, 0.999690056, -0.0242124647, -0.00580519438, 0.0248843543, 0.963674545, 0.265917093, -0.000844210386, -0.265979141, 0.963978469),
		CFrame.new(-0.516677856, -1.46295166, -0.0996160507, 1, 7.4505806e-09, 0, -1.04397131e-08, 0.971060574, 0.238832802, 0, -0.238832816, 0.971060693),
	},
	{
		0.03566559999308083,
		CFrame.new(0, 5.90261698, 0, 0.932513595, 0, -0.361134917, 0, 1, 0, 0.361134917, 0, 0.932513595),
		CFrame.new(-0.0421409607, 1.49144936, -0.0818653107, 0.889037549, -0.0842784867, 0.450010449, -3.47085297e-05, 0.982898712, 0.18414703, -0.457834303, -0.163729265, 0.873830974),
		CFrame.new(1.45909119, 0.82219696, -0.153089523, 0.751979589, 7.9444726e-06, 0.659186423, 0.00128473493, -0.999997973, -0.00145353435, 0.659185112, 0.00193990814, -0.751978159),
		CFrame.new(-0.525848389, 0.453261375, -0.687931061, 0.0108014941, -0.999917984, 0.00686941296, 0.334833145, -0.00285646273, -0.942272961, 0.942215443, 0.012478143, 0.334774792),
		CFrame.new(0.527946472, -1.98526287, 0.0644741058, 0.999690056, -0.0242125094, -0.00580492616, 0.0248843413, 0.963680446, 0.265895873, -0.000843912363, -0.265957922, 0.963984311),
		CFrame.new(-0.516677856, -1.46283054, -0.0996160507, 1, 7.4505806e-09, 0, -1.04397131e-08, 0.971060574, 0.238832802, 0, -0.238832816, 0.971060693),
	},
	{
		0.06438979999802541,
		CFrame.new(0, 5.90310526, 0, 0.932513595, 0, -0.361134917, 0, 1, 0, 0.361134917, 0, 0.932513595),
		CFrame.new(-0.0421180725, 1.49145985, -0.0818157196, 0.889038444, -0.0842325538, 0.450017244, -3.0066818e-05, 0.982919037, 0.18403855, -0.457832575, -0.163630888, 0.873850346),
		CFrame.new(1.45909119, 0.822315216, -0.153095245, 0.751979589, 7.9444726e-06, 0.659186423, 0.00128473493, -0.999997973, -0.00145353435, 0.659185112, 0.00193990814, -0.751978159),
		CFrame.new(-0.525848389, 0.453353882, -0.687931061, 0.0108014941, -0.999917984, 0.00686941296, 0.334833145, -0.00285646273, -0.942272961, 0.942215443, 0.012478143, 0.334774792),
		CFrame.new(0.527950287, -1.98541069, 0.0644340515, 0.999690056, -0.0242130384, -0.00580281019, 0.02488444, 0.96372664, 0.265728176, -0.000841766596, -0.265790224, 0.964030564),
		CFrame.new(-0.516677856, -1.46260929, -0.0995883942, 1, 7.4505806e-09, 0, -1.04397131e-08, 0.971060574, 0.238832802, 0, -0.238832816, 0.971060693),
	},
	{
		0.08530739998968784,
		CFrame.new(0, 5.90378809, 0, 0.932513595, 0, -0.361134917, 0, 1, 0, 0.361134917, 0, 0.932513595),
		CFrame.new(-0.0420799255, 1.49147606, -0.0817375183, 0.88904047, -0.0841506198, 0.450028718, -3.09571624e-05, 0.982951939, 0.18386282, -0.45782876, -0.163475409, 0.8738814),
		CFrame.new(1.45909119, 0.822505951, -0.153079033, 0.751979589, 7.9444726e-06, 0.659186423, 0.00128473493, -0.999997973, -0.00145353435, 0.659185112, 0.00193990814, -0.751978159),
		CFrame.new(-0.525848389, 0.453507423, -0.687931061, 0.0108014941, -0.999917984, 0.00686941296, 0.334833145, -0.00285646273, -0.942272961, 0.942215443, 0.012478143, 0.334774792),
		CFrame.new(0.527946472, -1.9856329, 0.0644779205, 0.999689996, -0.0242135227, -0.00580072403, 0.024884494, 0.963773012, 0.265560031, -0.000839620829, -0.265622079, 0.964076877),
		CFrame.new(-0.516719818, -1.46222115, -0.0995893478, 1, 7.4505806e-09, 0, -1.04397131e-08, 0.971060574, 0.238832802, 0, -0.238832816, 0.971060693),
	},
	{
		0.1050587999925483,
		CFrame.new(0, 5.90466738, 0, 0.932513595, 0, -0.361134917, 0, 1, 0, 0.361134917, 0, 0.932513595),
		CFrame.new(-0.0420303345, 1.49149609, -0.0816392899, 0.889042258, -0.0840587169, 0.450042248, -2.16662884e-05, 0.98299247, 0.183645755, -0.457825214, -0.163278595, 0.873920023),
		CFrame.new(1.45909119, 0.822711945, -0.153089523, 0.751979589, 7.9444726e-06, 0.659186423, 0.00128473493, -0.999997973, -0.00145353435, 0.659185112, 0.00193990814, -0.751978159),
		CFrame.new(-0.525848389, 0.453666687, -0.687931061, 0.0108014941, -0.999917984, 0.00686941296, 0.334833145, -0.00285646273, -0.942272961, 0.942215443, 0.012478143, 0.334774792),
		CFrame.new(0.527942657, -1.98587132, 0.0644979477, 0.999690056, -0.0242141783, -0.00579810143, 0.0248846039, 0.963830769, 0.265350252, -0.000836908817, -0.265412301, 0.964134693),
		CFrame.new(-0.51675415, -1.46181202, -0.0995883942, 1, 7.4505806e-09, 0, -1.04397131e-08, 0.971060574, 0.238832802, 0, -0.238832816, 0.971060693),
	},
	{
		0.1320151999971131,
		CFrame.new(0, 5.90564394, 0, 0.932513595, 0, -0.361134917, 0, 1, 0, 0.361134917, 0, 0.932513595),
		CFrame.new(-0.0419654846, 1.49151707, -0.0815448761, 0.889046013, -0.083925046, 0.450059742, -5.41172922e-05, 0.983034849, 0.183418602, -0.457817852, -0.163091943, 0.873958647),
		CFrame.new(1.45909119, 0.822961807, -0.153079033, 0.751979589, 7.9444726e-06, 0.659186423, 0.00128473493, -0.999997973, -0.00145353435, 0.659185112, 0.00193990814, -0.751978159),
		CFrame.new(-0.525848389, 0.453863144, -0.687931061, 0.0108014941, -0.999917984, 0.00686941296, 0.334833145, -0.00285646273, -0.942272961, 0.942215443, 0.012478143, 0.334774792),
		CFrame.new(0.527938843, -1.98617554, 0.0644731522, 0.999689996, -0.0242150277, -0.00579440594, 0.0248847045, 0.963911712, 0.265056074, -0.00083309412, -0.265118122, 0.964215636),
		CFrame.new(-0.516788483, -1.46129608, -0.0995616913, 1, 7.4505806e-09, 0, -1.04397131e-08, 0.971060574, 0.238832802, 0, -0.238832816, 0.971060693),
	},
	{
		0.15065260000119451,
		CFrame.new(0, 5.90749884, 0, 0.932513595, 0, -0.361134917, 0, 1, 0, 0.361134917, 0, 0.932513595),
		CFrame.new(-0.0418891907, 1.49155331, -0.0813655853, 0.889018476, -0.0837775022, 0.450141639, -3.09608877e-05, 0.983107209, 0.183030829, -0.457871318, -0.162731707, 0.873997867),
		CFrame.new(1.45909119, 0.82336998, -0.153079033, 0.751979589, 7.9444726e-06, 0.659186423, 0.00128473493, -0.999997973, -0.00145353435, 0.659185112, 0.00193990814, -0.751978159),
		CFrame.new(-0.525848389, 0.454199791, -0.687931061, 0.0108014941, -0.999917984, 0.00686941296, 0.334833145, -0.00285646273, -0.942272961, 0.942215443, 0.012478143, 0.334774792),
		CFrame.new(0.527927399, -1.98667145, 0.0645008087, 0.999689996, -0.0242163613, -0.00578886271, 0.0248848982, 0.964032829, 0.264615208, -0.000827401876, -0.264677286, 0.964336753),
		CFrame.new(-0.516830444, -1.4604578, -0.0995416641, 1, 7.4505806e-09, 0, -1.04397131e-08, 0.971060574, 0.238832802, 0, -0.238832816, 0.971060693),
	},
	{
		0.16922609999892302,
		CFrame.new(0, 5.90866995, 0, 0.932513595, 0, -0.361134917, 0, 1, 0, 0.361134917, 0, 0.932513595),
		CFrame.new(-0.0418167114, 1.49158192, -0.0812301636, 0.889012039, -0.0836255774, 0.450182617, -4.50387597e-05, 0.983164787, 0.182720885, -0.457883835, -0.16246134, 0.874041617),
		CFrame.new(1.45909119, 0.823652267, -0.153079033, 0.751979589, 7.9444726e-06, 0.659186423, 0.00128473493, -0.999997973, -0.00145353435, 0.659185112, 0.00193990814, -0.751978159),
		CFrame.new(-0.525848389, 0.454413414, -0.687931061, 0.0108014941, -0.999917984, 0.00686941296, 0.334833145, -0.00285646273, -0.942272961, 0.942215443, 0.012478143, 0.334774792),
		CFrame.new(0.527919769, -1.98700428, 0.0644922256, 0.999689996, -0.0242172927, -0.0057849288, 0.0248850156, 0.964119315, 0.264300108, -0.000823318958, -0.264362097, 0.96442318),
		CFrame.new(-0.516860962, -1.45990849, -0.0995349884, 1, 7.4505806e-09, 0, -1.04397131e-08, 0.971060574, 0.238832802, 0, -0.238832816, 0.971060693),
	},
	{
		0.18799769999168348,
		CFrame.new(0, 5.90984201, 0, 0.932513595, 0, -0.361134917, 0, 1, 0, 0.361134917, 0, 0.932513595),
		CFrame.new(-0.0417404175, 1.49160957, -0.0811061859, 0.889015794, -0.0834768265, 0.450202852, -6.21527433e-05, 0.983218551, 0.182431579, -0.457876563, -0.162212566, 0.874091625),
		CFrame.new(1.45909119, 0.823946953, -0.153079033, 0.751979589, 7.9444726e-06, 0.659186423, 0.00128473493, -0.999997973, -0.00145353435, 0.659185112, 0.00193990814, -0.751978159),
		CFrame.new(-0.525848389, 0.454655647, -0.687931061, 0.0108014941, -0.999917984, 0.00686941296, 0.334833145, -0.00285646273, -0.942272961, 0.942215443, 0.012478143, 0.334774792),
		CFrame.new(0.527915955, -1.98736811, 0.064491272, 0.999690056, -0.0242183059, -0.00578066707, 0.0248851664, 0.964211345, 0.263964117, -0.000818997622, -0.264026165, 0.964515269),
		CFrame.new(-0.516906738, -1.45928526, -0.0995159149, 1, 7.4505806e-09, 0, -1.04397131e-08, 0.971060574, 0.238832802, 0, -0.238832816, 0.971060693),
	},
	{
		0.2208383999968646,
		CFrame.new(0, 5.91169596, 0, 0.932513595, 0, -0.361134917, 0, 1, 0, 0.361134917, 0, 0.932513595),
		CFrame.new(-0.041683197, 1.49164581, -0.0809116364, 0.889016628, -0.0833606049, 0.450222701, 1.39474869e-05, 0.983292401, 0.182033151, -0.457874924, -0.161824241, 0.874164402),
		CFrame.new(1.45909119, 0.824357986, -0.153079033, 0.751979589, 7.9444726e-06, 0.659186423, 0.00128473493, -0.999997973, -0.00145353435, 0.659185112, 0.00193990814, -0.751978159),
		CFrame.new(-0.525848389, 0.454984665, -0.687931061, 0.0108014941, -0.999917984, 0.00686941296, 0.334833145, -0.00285646273, -0.942272961, 0.942215443, 0.012478143, 0.334774792),
		CFrame.new(0.52791214, -1.98784828, 0.0645236969, 0.999689996, -0.0242195874, -0.00577542186, 0.0248853695, 0.964326143, 0.26354441, -0.000813603401, -0.263606489, 0.964630008),
		CFrame.new(-0.516944885, -1.45845413, -0.0995092392, 1, 7.4505806e-09, 0, -1.04397131e-08, 0.971060574, 0.238832802, 0, -0.238832816, 0.971060693),
	},
	{
		0.2545397999929264,
		CFrame.new(0, 5.91482115, 0, 0.932513595, 0, -0.361134917, 0, 1, 0, 0.361134917, 0, 0.932513595),
		CFrame.new(-0.0414772034, 1.49171257, -0.0806112289, 0.889027774, -0.0829494223, 0.450276524, -7.31796026e-05, 0.983425975, 0.181310102, -0.457853138, -0.161222681, 0.874287069),
		CFrame.new(1.45909119, 0.825108528, -0.153079033, 0.751979589, 7.9444726e-06, 0.659186423, 0.00128473493, -0.999997973, -0.00145353435, 0.659185112, 0.00193990814, -0.751978159),
		CFrame.new(-0.525848389, 0.455573082, -0.687931061, 0.0108014941, -0.999917984, 0.00686941296, 0.334833145, -0.00285646273, -0.942272961, 0.942215443, 0.012478143, 0.334774792),
		CFrame.new(0.52790451, -1.9887495, 0.0645170212, 0.999690056, -0.0242220759, -0.00576487184, 0.0248856936, 0.964555383, 0.262703955, -0.000802755356, -0.262766004, 0.964859307),
		CFrame.new(-0.517051697, -1.45695257, -0.0994548798, 1, 7.4505806e-09, 0, -1.04397131e-08, 0.971060574, 0.238832802, 0, -0.238832816, 0.971060693),
	},
	{
		0.2899806999921566,
		CFrame.new(0, 5.91833544, 0, 0.932513595, 0, -0.361134917, 0, 1, 0, 0.361134917, 0, 0.932513595),
		CFrame.new(-0.0412979126, 1.49179268, -0.0802164078, 0.889035165, -0.0825816244, 0.450329661, -3.60421836e-05, 0.983585715, 0.180441484, -0.457838953, -0.160435081, 0.874439299),
		CFrame.new(1.45909119, 0.825961113, -0.153079033, 0.751979589, 7.9444726e-06, 0.659186423, 0.00128473493, -0.999997973, -0.00145353435, 0.659185112, 0.00193990814, -0.751978159),
		CFrame.new(-0.525848389, 0.456251144, -0.687931061, 0.0108014941, -0.999917984, 0.00686941296, 0.334833145, -0.00285646273, -0.942272961, 0.942215443, 0.012478143, 0.334774792),
		CFrame.new(0.527896881, -1.98975372, 0.0645780563, 0.999690235, -0.0242362767, -0.00566768646, 0.0248747114, 0.964806557, 0.261781067, -0.000876396894, -0.261840999, 0.96511066),
		CFrame.new(-0.517162323, -1.45520973, -0.0994281769, 1, 7.4505806e-09, 0, -1.04397131e-08, 0.971060574, 0.238832802, 0, -0.238832816, 0.971060693),
	},
	{
		0.3222964000015054,
		CFrame.new(0, 5.92224073, 0, 0.932513595, 0, -0.361134917, 0, 1, 0, 0.361134917, 0, 0.932513595),
		CFrame.new(-0.0410575867, 1.49188137, -0.0797920227, 0.889046192, -0.0821101665, 0.450394064, -6.19888306e-05, 0.983763516, 0.179469705, -0.457817495, -0.159584776, 0.874606133),
		CFrame.new(1.45909119, 0.826901436, -0.153079033, 0.751979589, 7.9444726e-06, 0.659186423, 0.00128473493, -0.999997973, -0.00145353435, 0.659185112, 0.00193990814, -0.751978159),
		CFrame.new(-0.525848389, 0.457010269, -0.687931061, 0.0108014941, -0.999917984, 0.00686941296, 0.334833145, -0.00285646273, -0.942272961, 0.942215443, 0.012478143, 0.334774792),
		CFrame.new(0.527877808, -1.99090672, 0.0645446777, 0.999690175, -0.0242394358, -0.00565394759, 0.024875164, 0.965102434, 0.260687947, -0.000862270594, -0.26074788, 0.965406597),
		CFrame.new(-0.517295837, -1.4532795, -0.0993747711, 1, 7.4505806e-09, 0, -1.04397131e-08, 0.971060574, 0.238832802, 0, -0.238832816, 0.971060693),
	},
	{
		0.35347029998956714,
		CFrame.new(0, 5.92673159, 0, 0.932513595, 0, -0.361134917, 0, 1, 0, 0.361134917, 0, 0.932513595),
		CFrame.new(-0.0408554077, 1.49197578, -0.0793132782, 0.889012992, -0.0817091912, 0.450532496, 7.99819827e-06, 0.983951688, 0.178435043, -0.457881987, -0.158627465, 0.874746501),
		CFrame.new(1.45909119, 0.827960014, -0.153079033, 0.751979589, 7.9444726e-06, 0.659186423, 0.00128473493, -0.999997973, -0.00145353435, 0.659185112, 0.00193990814, -0.751978159),
		CFrame.new(-0.525848389, 0.457849503, -0.687931061, 0.0108014941, -0.999917984, 0.00686941296, 0.334833145, -0.00285646273, -0.942272961, 0.942215443, 0.012478143, 0.334774792),
		CFrame.new(0.527866364, -1.99215078, 0.064622879, 0.999690235, -0.0242426619, -0.00564023852, 0.02487568, 0.965396881, 0.259595424, -0.000848203897, -0.259655356, 0.965701044),
		CFrame.new(-0.517429352, -1.45113468, -0.0993204117, 1, 7.4505806e-09, 0, -1.04397131e-08, 0.971060574, 0.238832802, 0, -0.238832816, 0.971060693),
	},
	{
		0.3847623999899952,
		CFrame.new(0, 5.93141794, 0, 0.932513595, 0, -0.361134917, 0, 1, 0, 0.361134917, 0, 0.932513595),
		CFrame.new(-0.040561676, 1.49208069, -0.0788154602, 0.889027536, -0.0811139345, 0.450611413, -6.06700778e-05, 0.98416096, 0.177277163, -0.457853764, -0.157631621, 0.874941289),
		CFrame.new(1.45909119, 0.82912159, -0.153079033, 0.751979589, 7.9444726e-06, 0.659186423, 0.00128473493, -0.999997973, -0.00145353435, 0.659185112, 0.00193990814, -0.751978159),
		CFrame.new(-0.525848389, 0.458769798, -0.687931061, 0.0108014941, -0.999917984, 0.00686941296, 0.334833145, -0.00285646273, -0.942272961, 0.942215443, 0.012478143, 0.334774792),
		CFrame.new(0.52784729, -1.99352551, 0.0646476746, 0.999690235, -0.0242463276, -0.00562438369, 0.0248762202, 0.965735197, 0.258334011, -0.000831961632, -0.258393914, 0.96603936),
		CFrame.new(-0.517562866, -1.44880247, -0.0992660522, 1, 7.4505806e-09, 0, -1.04397131e-08, 0.971060574, 0.238832802, 0, -0.238832816, 0.971060693),
	},
	{
		0.40441949998785276,
		CFrame.new(0, 5.93600702, 0, 0.932513595, 0, -0.361134917, 0, 1, 0, 0.361134917, 0, 0.932513595),
		CFrame.new(-0.0403327942, 1.49217606, -0.0783338547, 0.889036655, -0.0806590021, 0.450675368, -1.93975866e-05, 0.98435235, 0.176211417, -0.45783636, -0.156667143, 0.87512362),
		CFrame.new(1.45909119, 0.830209732, -0.153079033, 0.751979589, 7.9444726e-06, 0.659186423, 0.00128473493, -0.999997973, -0.00145353435, 0.659185112, 0.00193990814, -0.751978159),
		CFrame.new(-0.525848389, 0.459643364, -0.687931061, 0.0108014941, -0.999917984, 0.00686941296, 0.334833145, -0.00285646273, -0.942272961, 0.942215443, 0.012478143, 0.334774792),
		CFrame.new(0.527828217, -1.99483538, 0.0646190643, 0.999690235, -0.0242499337, -0.00560882688, 0.0248767436, 0.966066241, 0.25709331, -0.000815987587, -0.257153243, 0.966370404),
		CFrame.new(-0.51770401, -1.44657707, -0.0992012024, 1, 7.4505806e-09, 0, -1.04397131e-08, 0.971060574, 0.238832802, 0, -0.238832816, 0.971060693),
	},
	{
		0.4339670999906957,
		CFrame.new(0, 5.93942308, 0, 0.932513595, 0, -0.361134917, 0, 1, 0, 0.361134917, 0, 0.932513595),
		CFrame.new(-0.0401268005, 1.49225235, -0.077955246, 0.889045477, -0.080254294, 0.450729907, -2.92211771e-05, 0.984505653, 0.175352842, -0.457818985, -0.155909806, 0.875267923),
		CFrame.new(1.45909119, 0.831032753, -0.153079033, 0.751979589, 7.9444726e-06, 0.659186423, 0.00128473493, -0.999997973, -0.00145353435, 0.659185112, 0.00193990814, -0.751978159),
		CFrame.new(-0.525848389, 0.460294724, -0.687931061, 0.0108014941, -0.999917984, 0.00686941296, 0.334833145, -0.00285646273, -0.942272961, 0.942215443, 0.012478143, 0.334774792),
		CFrame.new(0.527812958, -1.99580574, 0.0646781921, 0.999690235, -0.024252452, -0.00559803843, 0.0248771273, 0.966295242, 0.256231189, -0.000804871321, -0.256291091, 0.966599405),
		CFrame.new(-0.517829895, -1.44491482, -0.0991601944, 1, 7.4505806e-09, 0, -1.04397131e-08, 0.971060574, 0.238832802, 0, -0.238832816, 0.971060693),
	},
	{
		0.45376829999440815,
		CFrame.new(0, 5.94454908, 0, 0.932513595, 0, -0.361134917, 0, 1, 0, 0.361134917, 0, 0.932513595),
		CFrame.new(-0.0398483276, 1.49236202, -0.0774078369, 0.889017403, -0.0796874985, 0.450885773, -4.36119735e-05, 0.984724164, 0.174121618, -0.457873404, -0.154816836, 0.875433445),
		CFrame.new(1.45909119, 0.832252502, -0.153079033, 0.751979589, 7.9444726e-06, 0.659186423, 0.00128473493, -0.999997973, -0.00145353435, 0.659185112, 0.00193990814, -0.751978159),
		CFrame.new(-0.525848389, 0.461267471, -0.687931061, 0.0108014941, -0.999917984, 0.00686945021, 0.334833175, -0.00285652233, -0.942272961, 0.942215443, 0.0124781728, 0.334774792),
		CFrame.new(0.527805328, -1.99726534, 0.0646877289, 0.999690413, -0.0242675319, -0.00549501181, 0.0248665698, 0.966662467, 0.254843414, -0.000872612, -0.254901171, 0.966966808),
		CFrame.new(-0.517971039, -1.44243526, -0.0990934372, 1, 7.4505806e-09, 0, -1.04397131e-08, 0.971060574, 0.238832802, 0, -0.238832816, 0.971060693),
	},
	{
		0.4826864999922691,
		CFrame.new(0, 5.94821024, 0, 0.932513595, 0, -0.361134917, 0, 1, 0, 0.361134917, 0, 0.932513595),
		CFrame.new(-0.039642334, 1.49243927, -0.0770196915, 0.889026344, -0.0792776197, 0.45094052, -4.83207405e-05, 0.984879255, 0.173242003, -0.457856208, -0.154038504, 0.875579715),
		CFrame.new(1.45909119, 0.833164215, -0.153079033, 0.751979589, 7.9444726e-06, 0.659186423, 0.00128473493, -0.999997973, -0.00145353435, 0.659185112, 0.00193990814, -0.751978159),
		CFrame.new(-0.525848389, 0.461997032, -0.687931061, 0.0108014941, -0.999917984, 0.00686941296, 0.334833145, -0.00285646273, -0.942272961, 0.942215443, 0.012478143, 0.334774792),
		CFrame.new(0.527786255, -1.99834013, 0.064740181, 0.999690533, -0.0242702737, -0.00548282266, 0.0248670038, 0.966917098, 0.253875464, -0.000860184431, -0.253933251, 0.967221379),
		CFrame.new(-0.518100739, -1.44057178, -0.0990524292, 1, 7.4505806e-09, 0, -1.04397131e-08, 0.971060574, 0.238832802, 0, -0.238832816, 0.971060693),
	},
	{
		0.49945639999350533,
		CFrame.new(0, 5.95382357, 0, 0.932513595, 0, -0.361134917, 0, 1, 0, 0.361134917, 0, 0.932513595),
		CFrame.new(-0.0393371582, 1.49256039, -0.0764026642, 0.889038622, -0.0786685795, 0.451022923, -1.92523003e-05, 0.985120475, 0.17186521, -0.457832277, -0.15280351, 0.875808656),
		CFrame.new(1.45909119, 0.834512711, -0.153079033, 0.751979589, 8.02834984e-06, 0.659186423, 0.00128465099, -0.999997973, -0.0014533113, 0.659185112, 0.00193968497, -0.751978159),
		CFrame.new(-0.525848389, 0.463068962, -0.687931061, 0.0108014941, -0.999917984, 0.00686941296, 0.334833145, -0.00285646273, -0.942272961, 0.942215443, 0.012478143, 0.334774792),
		CFrame.new(0.527770996, -1.99993134, 0.0647640228, 0.999690473, -0.0242744461, -0.00546434522, 0.0248676464, 0.96730274, 0.252402067, -0.000841230154, -0.252459854, 0.967607021),
		CFrame.new(-0.518264771, -1.43783045, -0.098985672, 1, 7.4505806e-09, 0, -1.04397131e-08, 0.971060574, 0.238832802, 0, -0.238832816, 0.971060693),
	},
	{
		0.5180867000017315,
		CFrame.new(0, 5.95699739, 0, 0.932513595, 0, -0.361134917, 0, 1, 0, 0.361134917, 0, 0.932513595),
		CFrame.new(-0.0391654968, 1.4926281, -0.0760469437, 0.889015257, -0.0783256292, 0.451128721, -8.40052962e-06, 0.985257387, 0.171078384, -0.457877755, -0.152095079, 0.875908196),
		CFrame.new(1.45909119, 0.835314751, -0.153079033, 0.751979589, 7.9444726e-06, 0.659186423, 0.00128473493, -0.999997973, -0.00145353435, 0.659185112, 0.00193990814, -0.751978159),
		CFrame.new(-0.525848389, 0.463707924, -0.687931061, 0.0108014941, -0.999917984, 0.00686941296, 0.334833145, -0.00285646273, -0.942272961, 0.942215443, 0.012478143, 0.334774792),
		CFrame.new(0.527751923, -2.00088882, 0.0647468567, 0.999690473, -0.0242770091, -0.00545299053, 0.0248680469, 0.967538476, 0.251496881, -0.000829607248, -0.251554638, 0.967842817),
		CFrame.new(-0.518367767, -1.43620872, -0.0989522934, 1, 7.4505806e-09, 0, -1.04397131e-08, 0.971060574, 0.238832802, 0, -0.238832816, 0.971060693),
	},
	{
		0.5374639999936335,
		CFrame.new(0, 5.96041536, 0, 0.932513595, 0, -0.361134917, 0, 1, 0, 0.361134917, 0, 0.932513595),
		CFrame.new(-0.0389518738, 1.49270344, -0.0756702423, 0.889014602, -0.0779014826, 0.451203287, -4.10713255e-05, 0.985407054, 0.170214176, -0.457878768, -0.151341408, 0.876038134),
		CFrame.new(1.45909119, 0.836133957, -0.153079033, 0.751979589, 7.9444726e-06, 0.659186423, 0.00128473493, -0.999997973, -0.00145353435, 0.659185112, 0.00193990814, -0.751978159),
		CFrame.new(-0.525848389, 0.464365959, -0.687931061, 0.0108014941, -0.999917984, 0.00686941296, 0.334833145, -0.00285646273, -0.942272961, 0.942215443, 0.012478143, 0.334774792),
		CFrame.new(0.527740479, -2.00186634, 0.0647325516, 0.999690473, -0.0242796317, -0.00544139743, 0.0248684678, 0.967778742, 0.250570655, -0.000817716122, -0.250628442, 0.968083024),
		CFrame.new(-0.518474579, -1.43453312, -0.0989055634, 1, 7.4505806e-09, 0, -1.04397131e-08, 0.971060574, 0.238832802, 0, -0.238832816, 0.971060693),
	},
	{
		0.5638611999893328,
		CFrame.new(0, 5.96480799, 0, 0.932513595, 0, -0.361134917, 0, 1, 0, 0.361134917, 0, 0.932513595),
		CFrame.new(-0.0387229919, 1.49279022, -0.0752220154, 0.889024258, -0.077440396, 0.451263845, -3.612414e-05, 0.985580921, 0.169204578, -0.457860231, -0.150443271, 0.876202583),
		CFrame.new(1.45909119, 0.837192535, -0.153079033, 0.751979589, 7.9444726e-06, 0.659186423, 0.00128473493, -0.999997973, -0.00145353435, 0.659185112, 0.00193990814, -0.751978159),
		CFrame.new(-0.525848389, 0.465209007, -0.687931061, 0.0108014941, -0.999917984, 0.00686941296, 0.334833145, -0.00285646273, -0.942272961, 0.942215443, 0.012478143, 0.334774792),
		CFrame.new(0.52771759, -2.0031147, 0.0647544861, 0.999690473, -0.0242828652, -0.00542682409, 0.0248689279, 0.968077958, 0.24941206, -0.00080281496, -0.249469802, 0.968382299),
		CFrame.new(-0.518604279, -1.43239498, -0.098865509, 1, 7.4505806e-09, 0, -1.04397131e-08, 0.971060574, 0.238832802, 0, -0.238832816, 0.971060693),
	},
	{
		0.5832112999923993,
		CFrame.new(0, 5.97017717, 0, 0.932513595, 0, -0.361134917, 0, 1, 0, 0.361134917, 0, 0.932513595),
		CFrame.new(-0.0384254456, 1.49290276, -0.074634552, 0.889036179, -0.0768462121, 0.451341629, -2.2482127e-05, 0.985805809, 0.167889312, -0.457836866, -0.149269819, 0.876415431),
		CFrame.new(1.45909119, 0.838522911, -0.153079033, 0.751979589, 7.9444726e-06, 0.659186423, 0.00128473493, -0.999997973, -0.00145353435, 0.659185112, 0.00193990814, -0.751978159),
		CFrame.new(-0.525848389, 0.466259003, -0.687931061, 0.0108014941, -0.999917984, 0.00686941296, 0.334833145, -0.00285646273, -0.942272961, 0.942215443, 0.012478143, 0.334774792),
		CFrame.new(0.527709961, -2.00466776, 0.0648336411, 0.999690652, -0.0242976844, -0.00532326102, 0.0248587579, 0.968445778, 0.247980922, -0.000870049, -0.248036534, 0.968750298),
		CFrame.new(-0.518798828, -1.42970037, -0.0987844467, 1, 7.4505806e-09, 0, -1.04397131e-08, 0.971060574, 0.238832802, 0, -0.238832816, 0.971060693),
	},
	{
		0.602207299991278,
		CFrame.new(0, 5.97481394, 0, 0.932513595, 0, -0.361134917, 0, 1, 0, 0.361134917, 0, 0.932513595),
		CFrame.new(-0.0381698608, 1.49300098, -0.0741138458, 0.889015973, -0.0763339847, 0.451468349, -8.39680433e-06, 0.986002743, 0.166729227, -0.457876146, -0.14822875, 0.876571596),
		CFrame.new(1.45909119, 0.839654922, -0.153079033, 0.751979589, 7.9444726e-06, 0.659186423, 0.00128473493, -0.999997973, -0.00145353435, 0.659185112, 0.00193990814, -0.751978159),
		CFrame.new(-0.525848389, 0.46716404, -0.687931061, 0.0108014941, -0.999917984, 0.00686941296, 0.334833145, -0.00285646273, -0.942272961, 0.942215443, 0.012478143, 0.334774792),
		CFrame.new(0.527687073, -2.00601101, 0.0648326874, 0.999690592, -0.0243011378, -0.00530740619, 0.0248593017, 0.968768656, 0.24671641, -0.000853806734, -0.246772021, 0.969073176),
		CFrame.new(-0.518928528, -1.42739487, -0.0987377167, 1, 7.4505806e-09, 0, -1.04397131e-08, 0.971060574, 0.238832802, 0, -0.238832816, 0.971060693),
	},
	{
		0.6203029999887804,
		CFrame.new(0, 5.97852373, 0, 0.932513595, 0, -0.361134917, 0, 1, 0, 0.361134917, 0, 0.932513595),
		CFrame.new(-0.037940979, 1.493083, -0.0736865997, 0.889015317, -0.0758844614, 0.451545656, -1.55903399e-05, 0.986166, 0.165760711, -0.457877696, -0.14737083, 0.876715422),
		CFrame.new(1.45909119, 0.84058857, -0.153079033, 0.751979589, 7.9444726e-06, 0.659186423, 0.00128473493, -0.999997973, -0.00145353435, 0.659185112, 0.00193990814, -0.751978159),
		CFrame.new(-0.525848389, 0.467910767, -0.687931061, 0.0108014941, -0.999917984, 0.00686941296, 0.334833145, -0.00285646273, -0.942272961, 0.942215443, 0.012478143, 0.334774792),
		CFrame.new(0.527675629, -2.00710869, 0.0648574829, 0.999690592, -0.0243039057, -0.0052947104, 0.0248597413, 0.969025791, 0.245704666, -0.000840872526, -0.245760292, 0.969330311),
		CFrame.new(-0.519054413, -1.42549801, -0.0986919403, 1, 7.4505806e-09, 0, -1.04397131e-08, 0.971060574, 0.238832802, 0, -0.238832816, 0.971060693),
	},
	{
		0.648481999989599,
		CFrame.new(0, 5.98335695, 0, 0.932513595, 0, -0.361134917, 0, 1, 0, 0.361134917, 0, 0.932513595),
		CFrame.new(-0.037651062, 1.49318504, -0.0731525421, 0.889027953, -0.0752943307, 0.451619446, -4.8391521e-05, 0.986369789, 0.164543584, -0.45785296, -0.14630571, 0.876906693),
		CFrame.new(1.45909119, 0.841779709, -0.153079033, 0.751979589, 7.9444726e-06, 0.659186423, 0.00128473493, -0.999997973, -0.00145353435, 0.659185112, 0.00193990814, -0.751978159),
		CFrame.new(-0.525848389, 0.468856812, -0.687931061, 0.0108014941, -0.999917984, 0.00686941296, 0.334833145, -0.00285646273, -0.942272961, 0.942215443, 0.012478143, 0.334774792),
		CFrame.new(0.527656555, -2.00851822, 0.0648403168, 0.999690592, -0.0243075974, -0.00527778268, 0.0248603318, 0.969366848, 0.24435553, -0.000823527575, -0.244411141, 0.969671369),
		CFrame.new(-0.519195557, -1.42306519, -0.0986251831, 1, 7.4505806e-09, 0, -1.04397131e-08, 0.971060574, 0.238832802, 0, -0.238832816, 0.971060693),
	},
	{
		0.6838921999878949,
		CFrame.new(0, 5.99443865, 0, 0.932513595, 0, -0.361134917, 0, 1, 0, 0.361134917, 0, 0.932513595),
		CFrame.new(-0.0370368958, 1.49341011, -0.071937561, 0.889021635, -0.0740692466, 0.45183444, -2.73250043e-05, 0.986819744, 0.161823243, -0.457865357, -0.143876702, 0.87730211),
		CFrame.new(1.45909119, 0.844524384, -0.153079033, 0.751979589, 7.94435618e-06, 0.659186423, 0.00128473481, -0.999997973, -0.00145353435, 0.659185112, 0.00193990802, -0.751978159),
		CFrame.new(-0.525848389, 0.471050262, -0.687931061, 0.0108014941, -0.999917984, 0.00686941296, 0.334833145, -0.00285646273, -0.942272961, 0.942215443, 0.012478143, 0.334774792),
		CFrame.new(0.527618408, -2.01173973, 0.0649280548, 0.999690831, -0.02432625, -0.00515434146, 0.0248510651, 0.970122159, 0.241340354, -0.000870585442, -0.241393834, 0.970426917),
		CFrame.new(-0.519565582, -1.41747475, -0.0984764099, 1, 7.4505806e-09, 0, -1.04397131e-08, 0.971060574, 0.238832802, 0, -0.238832816, 0.971060693),
	},
	{
		0.7032032999995863,
		CFrame.new(0, 5.99853945, 0, 0.932513595, 0, -0.361134917, 0, 1, 0, 0.361134917, 0, 0.932513595),
		CFrame.new(-0.0367889404, 1.49349594, -0.0714702606, 0.889021337, -0.0735785067, 0.451915264, -3.50773335e-05, 0.986992538, 0.16076605, -0.457865894, -0.142940298, 0.877454817),
		CFrame.new(1.45909119, 0.845561028, -0.153079033, 0.751979589, 7.94435618e-06, 0.659186423, 0.00128473481, -0.999997973, -0.00145353435, 0.659185112, 0.00193990802, -0.751978159),
		CFrame.new(-0.525848389, 0.471877098, -0.687931061, 0.0108014941, -0.999917984, 0.00686941296, 0.334833145, -0.00285646273, -0.942272961, 0.942215443, 0.012478143, 0.334774792),
		CFrame.new(0.527599335, -2.01296043, 0.0649204254, 0.999690831, -0.0243293345, -0.00513973832, 0.0248515923, 0.970410109, 0.240179971, -0.000855743885, -0.240233436, 0.970714867),
		CFrame.new(-0.519702911, -1.41536379, -0.0984230042, 1, 7.4505806e-09, 0, -1.04397131e-08, 0.971060574, 0.238832802, 0, -0.238832816, 0.971060693),
	},
	{
		0.7301822000008542,
		CFrame.new(0, 6.00385904, 0, 0.932513595, 0, -0.361134917, 0, 1, 0, 0.361134917, 0, 0.932513595),
		CFrame.new(-0.03647995, 1.49360371, -0.0708847046, 0.889033556, -0.0729629919, 0.451990962, -4.25428152e-05, 0.987206936, 0.159444347, -0.457842112, -0.141770631, 0.877656937),
		CFrame.new(1.45909119, 0.846895218, -0.153079033, 0.751979589, 7.9444726e-06, 0.659186423, 0.00128473493, -0.999997973, -0.00145353435, 0.659185112, 0.00193990814, -0.751978159),
		CFrame.new(-0.525848389, 0.472932816, -0.687931061, 0.0108014941, -0.999917984, 0.00686941296, 0.334833145, -0.00285646273, -0.942272961, 0.942215443, 0.012478143, 0.334774792),
		CFrame.new(0.527584076, -2.01451492, 0.0649137497, 0.999690771, -0.0243332237, -0.00512126088, 0.0248522162, 0.970774531, 0.238702491, -0.00083681941, -0.238755971, 0.97107923),
		CFrame.new(-0.519866943, -1.41266251, -0.0983562469, 1, 7.4505806e-09, 0, -1.04397131e-08, 0.971060574, 0.238832802, 0, -0.238832816, 0.971060693),
	},
	{
		0.7494358999974793,
		CFrame.new(0, 6.01040125, 0, 0.932513595, 0, -0.361134917, 0, 1, 0, 0.361134917, 0, 0.932513595),
